"Channel 452"	"Channel 523"	"Channel 594"	"Channel 676"	"X (pixel)"	"Y (pixel)"	"X (microns)"	"Y (microns)"	"X__1"
119	159	1682	0	264	734	28.8288	80.1528	NA
123	0	1372	197	265	733	28.938	80.0436	NA
134	0	1390	0	266	733	29.0472	80.0436	NA
127	181	1585	0	267	732	29.1564	79.9344	NA
127	189	1752	0	268	731	29.2656	79.8252	NA
131	173	819	0	269	731	29.3748	79.8252	NA
127	0	1034	0	270	730	29.484	79.716	NA
121	157	1166	0	271	729	29.5932	79.6068	NA
131	167	1798	0	272	728	29.7024	79.4976	NA
127	197	4196	0	273	728	29.8116	79.4976	NA
123	172	2579	0	274	727	29.9208	79.3884	NA
123	158	1647	0	275	726	30.03	79.2792	NA
134	0	1276	0	276	726	30.1392	79.2792	NA
125	0	737	0	277	725	30.2484	79.17	NA
119	156	580	194	278	724	30.3576	79.0608	NA
120	0	426	0	279	724	30.4668	79.0608	NA
0	0	313	0	280	723	30.576	78.9516	NA
125	0	874	0	281	722	30.6852	78.8424	NA
130	194	1627	0	282	722	30.7944	78.8424	NA
124	294	2683	0	283	721	30.9036	78.7332	NA
122	298	4443	299	284	720	31.0128	78.624	NA
130	248	16343	1535	285	719	31.122	78.5148	NA
129	365	24440	4352	286	719	31.2312	78.5148	NA
121	200	19400	2183	287	718	31.3404	78.4056	NA
126	0	14235	321	288	717	31.4496	78.2964	NA
122	0	11638	300	289	717	31.5588	78.2964	NA
132	0	5346	500	290	716	31.668	78.1872	NA
131	0	2761	486	291	715	31.7772	78.078	NA
127	0	1651	437	292	715	31.8864	78.078	NA
125	166	1405	0	293	714	31.9956	77.9688	NA
132	166	1437	0	294	713	32.1048	77.8596	NA
126	156	1305	0	295	712	32.214	77.7504	NA
134	0	1979	0	296	712	32.3232	77.7504	NA
126	0	581	0	297	711	32.4324	77.6412	NA
120	0	939	0	298	710	32.5416	77.532	NA
130	0	1326	467	299	710	32.6508	77.532	NA
126	207	6705	437	300	709	32.76	77.4228	NA
133	469	17756	338	301	708	32.8692	77.3136	NA
123	541	20323	339	302	708	32.9784	77.3136	NA
127	428	9422	262	303	707	33.0876	77.2044	NA
121	265	4478	340	304	706	33.1968	77.0952	NA
120	244	4554	313	305	706	33.306	77.0952	NA
119	185	4508	231	306	705	33.4152	76.986	NA
120	164	3188	0	307	704	33.5244	76.8768	NA
142	183	1662	0	308	703	33.6336	76.7676	NA
138	171	1259	0	309	703	33.7428	76.7676	NA
126	0	1912	0	310	702	33.852	76.6584	NA
118	0	2922	0	311	701	33.9612	76.5492	NA
122	0	2921	0	312	701	34.0704	76.5492	NA
121	0	2599	0	313	700	34.1796	76.44	NA
120	0	1997	0	314	699	34.2888	76.3308	NA
123	0	1051	0	315	699	34.398	76.3308	NA
119	166	939	235	316	698	34.5072	76.2216	NA
124	206	955	371	317	697	34.6164	76.1124	NA
121	218	1423	376	318	697	34.7256	76.1124	NA
125	221	2004	353	319	696	34.8348	76.0032	NA
120	223	10027	533	320	695	34.944	75.894	NA
126	211	16147	538	321	694	35.0532	75.7848	NA
123	176	7457	769	322	694	35.1624	75.7848	NA
121	167	2160	688	323	693	35.2716	75.6756	NA
120	0	1055	286	324	692	35.3808	75.5664	NA
119	0	966	238	325	692	35.49	75.5664	NA
119	0	3521	235	326	691	35.5992	75.4572	NA
124	0	5073	1078	327	690	35.7084	75.348	NA
125	0	2668	1903	328	690	35.8176	75.348	NA
124	188	2265	1792	329	689	35.9268	75.2388	NA
133	299	5440	401	330	688	36.036	75.1296	NA
122	346	16422	0	331	688	36.1452	75.1296	NA
120	318	16604	273	332	687	36.2544	75.0204	NA
128	156	11718	1361	333	686	36.3636	74.9112	NA
125	191	14341	2416	334	685	36.4728	74.802	NA
123	338	7718	900	335	685	36.582	74.802	NA
131	1196	2575	302	336	684	36.6912	74.6928	NA
132	3468	2199	265	337	683	36.8004	74.5836	NA
130	3959	5307	775	338	683	36.9096	74.5836	NA
140	1682	12583	0	339	682	37.0188	74.4744	NA
134	799	10819	0	340	681	37.128	74.3652	NA
129	379	5353	0	341	681	37.2372	74.3652	NA
119	216	1400	0	342	680	37.3464	74.256	NA
0	0	513	0	343	679	37.4556	74.1468	NA
119	0	446	0	344	679	37.5648	74.1468	NA
123	177	166	0	345	678	37.674	74.0376	NA
121	230	0	0	346	677	37.7832	73.9284	NA
131	167	0	0	347	676	37.8924	73.8192	NA
140	163	0	0	348	676	38.0016	73.8192	NA
140	0	646	0	349	675	38.1108	73.71	NA
126	0	2857	216	350	674	38.22	73.6008	NA
130	241	3003	261	351	674	38.3292	73.6008	NA
143	467	11105	370	352	673	38.4384	73.4916	NA
140	1143	13230	319	353	672	38.5476	73.3824	NA
142	2227	20183	277	354	672	38.6568	73.3824	NA
137	2714	18539	212	355	671	38.766	73.2732	NA
124	1412	10564	0	356	670	38.8752	73.164	NA
120	881	3434	0	357	669	38.9844	73.0548	NA
125	535	2203	0	358	669	39.0936	73.0548	NA
125	293	1420	0	359	668	39.2028	72.9456	NA
124	0	429	0	360	667	39.312	72.8364	NA
130	0	0	0	361	667	39.4212	72.8364	NA
132	164	0	0	362	666	39.5304	72.7272	NA
127	174	0	247	363	665	39.6396	72.618	NA
133	176	0	566	364	665	39.7488	72.618	NA
123	0	277	1325	365	664	39.858	72.5088	NA
124	0	345	982	366	663	39.9672	72.3996	NA
129	0	552	381	367	663	40.0764	72.3996	NA
132	0	971	0	368	662	40.1856	72.2904	NA
132	165	1442	1081	369	661	40.2948	72.1812	NA
125	241	2035	2444	370	660	40.404	72.072	NA
126	260	2835	3940	371	660	40.5132	72.072	NA
127	249	2677	947	372	659	40.6224	71.9628	NA
131	388	4173	384	373	658	40.7316	71.8536	NA
126	503	4359	322	374	658	40.8408	71.8536	NA
132	481	4725	367	375	657	40.95	71.7444	NA
148	299	5837	387	376	656	41.0592	71.6352	NA
155	239	7531	364	377	656	41.1684	71.6352	NA
151	194	2257	421	378	655	41.2776	71.526	NA
140	198	2477	542	379	654	41.3868	71.4168	NA
140	219	2885	642	380	654	41.496	71.4168	NA
148	290	3101	2643	381	653	41.6052	71.3076	NA
144	304	3443	3729	382	652	41.7144	71.1984	NA
121	355	3473	1425	383	651	41.8236	71.0892	NA
129	491	3903	485	384	651	41.9328	71.0892	NA
128	446	3164	0	385	650	42.042	70.98	NA
134	352	2093	0	386	649	42.1512	70.8708	NA
136	293	2189	0	387	649	42.2604	70.8708	NA
122	203	1051	0	388	648	42.3696	70.7616	NA
0	0	358	0	389	647	42.4788	70.6524	NA
0	0	604	0	390	647	42.588	70.6524	NA
131	0	577	0	391	646	42.6972	70.5432	NA
126	0	750	0	392	645	42.8064	70.434	NA
128	0	909	0	393	645	42.9156	70.434	NA
124	0	927	0	394	644	43.0248	70.3248	NA
0	0	782	0	395	643	43.134	70.2156	NA
119	171	994	287	396	642	43.2432	70.1064	NA
121	254	1321	668	397	642	43.3524	70.1064	NA
137	265	1535	278	398	641	43.4616	69.9972	NA
134	172	963	0	399	640	43.5708	69.888	NA
129	163	1019	0	400	640	43.68	69.888	NA
128	0	922	0	401	639	43.7892	69.7788	NA
138	169	1012	0	402	638	43.8984	69.6696	NA
131	206	1415	0	403	638	44.0076	69.6696	NA
131	250	1414	0	404	637	44.1168	69.5604	NA
130	270	1822	242	405	636	44.226	69.4512	NA
135	306	2213	276	406	636	44.3352	69.4512	NA
137	302	1750	523	407	635	44.4444	69.342	NA
139	237	939	650	408	634	44.5536	69.2328	NA
129	191	1878	323	409	633	44.6628	69.1236	NA
132	164	2110	217	410	633	44.772	69.1236	NA
127	0	1260	0	411	632	44.8812	69.0144	NA
131	0	422	0	412	631	44.9904	68.9052	NA
125	0	693	0	413	631	45.0996	68.9052	NA
126	0	449	0	414	630	45.2088	68.796	NA
131	0	399	0	415	629	45.318	68.6868	NA
132	0	837	0	416	629	45.4272	68.6868	NA
122	0	1754	0	417	628	45.5364	68.5776	NA
133	0	861	0	418	627	45.6456	68.4684	NA
127	0	421	0	419	626	45.7548	68.3592	NA
129	0	601	269	420	626	45.864	68.3592	NA
136	0	1456	454	421	625	45.9732	68.25	NA
126	0	6311	334	422	624	46.0824	68.1408	NA
128	0	7537	431	423	624	46.1916	68.1408	NA
130	0	3696	0	424	623	46.3008	68.0316	NA
124	0	764	0	425	622	46.41	67.9224	NA
123	0	500	0	426	622	46.5192	67.9224	NA
126	0	1238	0	427	621	46.6284	67.8132	NA
123	0	2009	0	428	620	46.7376	67.704	NA
121	0	3250	0	429	620	46.8468	67.704	NA
131	0	13920	0	430	619	46.956	67.5948	NA
128	0	18427	0	431	618	47.0652	67.4856	NA
123	207	13628	0	432	618	47.1744	67.4856	"join"
119	538	2380	269	433	617	47.2836	67.3764	NA
125	863	2907	433	434	616	47.3928	67.2672	NA
121	758	2608	567	435	616	47.502	67.2672	NA
139	1209	4198	565	436	615	47.6112	67.158	NA
128	677	4430	215	437	614	47.7204	67.0488	NA
123	386	1810	0	438	613	47.8296	66.9396	NA
126	302	1022	0	439	612	47.9388	66.8304	NA
127	291	749	0	440	612	48.048	66.8304	NA
123	548	523	345	441	611	48.1572	66.7212	NA
126	850	305	1003	442	610	48.2664	66.612	NA
129	1311	230	794	443	609	48.3756	66.5028	NA
127	536	268	193	444	608	48.4848	66.3936	NA
122	327	291	0	445	608	48.594	66.3936	NA
0	0	349	0	446	607	48.7032	66.2844	NA
123	0	943	0	447	606	48.8124	66.1752	NA
127	0	2395	0	448	605	48.9216	66.066	NA
127	0	1182	0	449	604	49.0308	65.9568	NA
123	217	690	329	450	603	49.14	65.8476	NA
130	191	428	748	451	603	49.2492	65.8476	NA
121	226	571	2288	452	602	49.3584	65.7384	NA
132	189	685	2010	453	601	49.4676	65.6292	NA
135	210	2718	347	454	600	49.5768	65.52	NA
129	328	5150	0	455	599	49.686	65.4108	NA
120	460	1664	0	456	599	49.7952	65.4108	NA
124	1124	2293	447	457	598	49.9044	65.3016	NA
127	2947	5591	851	458	597	50.0136	65.1924	NA
131	2364	4423	564	459	596	50.1228	65.0832	"join"
129	805	4353	840	460	596	50.232	65.0832	NA
133	448	3358	0	461	595	50.3412	64.974	NA
129	205	940	0	462	595	50.4504	64.974	NA
132	158	813	0	463	594	50.5596	64.8648	NA
130	176	731	0	464	594	50.6688	64.8648	NA
129	469	2070	0	465	593	50.778	64.7556	NA
128	1020	6450	331	466	593	50.8872	64.7556	NA
119	1722	5490	199	467	592	50.9964	64.6464	NA
0	1586	8302	203	468	592	51.1056	64.6464	NA
127	658	4060	0	469	591	51.2148	64.5372	NA
133	269	1008	0	470	590	51.324	64.428	NA
127	187	738	0	471	590	51.4332	64.428	NA
127	0	635	0	472	589	51.5424	64.3188	NA
128	184	1098	0	473	589	51.6516	64.3188	NA
124	0	2235	0	474	588	51.7608	64.2096	NA
141	0	2919	0	475	588	51.87	64.2096	NA
129	0	1097	0	476	587	51.9792	64.1004	NA
138	0	1087	0	477	587	52.0884	64.1004	NA
132	0	1422	0	478	586	52.1976	63.9912	NA
125	0	1808	0	479	586	52.3068	63.9912	NA
129	0	988	0	480	585	52.416	63.882	NA
132	0	250	0	481	584	52.5252	63.7728	NA
129	0	250	0	482	584	52.6344	63.7728	NA
135	0	385	0	483	583	52.7436	63.6636	NA
128	0	432	0	484	583	52.8528	63.6636	NA
128	0	593	0	485	582	52.962	63.5544	NA
129	0	1167	0	486	582	53.0712	63.5544	NA
126	0	3236	0	487	581	53.1804	63.4452	NA
126	0	6351	233	488	581	53.2896	63.4452	NA
126	0	3089	0	489	580	53.3988	63.336	NA
126	0	1421	196	490	580	53.508	63.336	NA
125	0	1704	277	491	579	53.6172	63.2268	NA
134	0	1793	376	492	579	53.7264	63.2268	NA
139	0	1525	1129	493	578	53.8356	63.1176	NA
125	0	1197	792	494	577	53.9448	63.0084	NA
126	172	1056	304	495	577	54.054	63.0084	NA
132	350	1751	0	496	576	54.1632	62.8992	NA
126	530	4839	0	497	576	54.2724	62.8992	NA
132	740	2865	0	498	575	54.3816	62.79	NA
131	790	1232	0	499	575	54.4908	62.79	NA
138	465	775	0	500	574	54.6	62.6808	NA
134	367	849	0	501	574	54.7092	62.6808	NA
129	438	1261	0	502	573	54.8184	62.5716	NA
128	485	2591	0	503	573	54.9276	62.5716	NA
134	199	926	0	504	572	55.0368	62.4624	NA
140	0	1966	204	505	571	55.146	62.3532	NA
133	0	1925	919	506	571	55.2552	62.3532	NA
125	0	2266	2842	507	570	55.3644	62.244	NA
128	0	1515	2977	508	570	55.4736	62.244	NA
131	0	2370	796	509	569	55.5828	62.1348	NA
123	168	8690	260	510	569	55.692	62.1348	NA
131	201	11313	260	511	568	55.8012	62.0256	NA
135	202	10770	275	512	568	55.9104	62.0256	NA
142	0	1198	322	513	567	56.0196	61.9164	NA
139	0	577	216	514	567	56.1288	61.9164	NA
137	165	707	0	515	566	56.238	61.8072	NA
133	166	778	0	516	565	56.3472	61.698	NA
137	252	795	0	517	565	56.4564	61.698	NA
143	503	1562	193	518	564	56.5656	61.5888	NA
133	741	5023	692	519	564	56.6748	61.5888	NA
135	818	9986	1020	520	563	56.784	61.4796	NA
127	828	16388	1816	521	563	56.8932	61.4796	NA
127	609	13869	529	522	562	57.0024	61.3704	NA
136	444	6831	397	523	562	57.1116	61.3704	NA
139	201	2830	0	524	561	57.2208	61.2612	NA
130	0	2027	0	525	561	57.33	61.2612	NA
123	0	1005	0	526	560	57.4392	61.152	NA
131	0	567	0	527	559	57.5484	61.0428	NA
131	0	525	0	528	559	57.6576	61.0428	NA
126	200	519	0	529	558	57.7668	60.9336	NA
125	298	597	0	530	558	57.876	60.9336	NA
124	928	876	0	531	557	57.9852	60.8244	NA
125	1181	2878	0	532	557	58.0944	60.8244	NA
126	665	833	0	533	556	58.2036	60.7152	NA
125	392	1107	0	534	556	58.3128	60.7152	NA
125	379	1208	0	535	555	58.422	60.606	NA
125	581	1793	355	536	555	58.5312	60.606	NA
129	809	2294	567	537	554	58.6404	60.4968	NA
126	301	6224	281	538	553	58.7496	60.3876	NA
133	329	4492	256	539	553	58.8588	60.3876	NA
129	462	3688	0	540	552	58.968	60.2784	NA
123	618	2871	0	541	552	59.0772	60.2784	NA
134	464	1731	0	542	551	59.1864	60.1692	NA
131	463	1396	0	543	551	59.2956	60.1692	NA
138	517	654	0	544	550	59.4048	60.06	NA
132	659	442	0	545	550	59.514	60.06	NA
133	1210	297	360	546	549	59.6232	59.9508	NA
131	858	195	967	547	549	59.7324	59.9508	NA
128	354	0	320	548	548	59.8416	59.8416	NA
130	177	0	0	549	547	59.9508	59.7324	NA
130	156	0	0	550	547	60.06	59.7324	NA
124	0	251	0	551	546	60.1692	59.6232	NA
126	0	361	0	552	546	60.2784	59.6232	NA
134	0	584	0	553	545	60.3876	59.514	NA
129	170	841	0	554	545	60.4968	59.514	NA
134	176	1278	0	555	544	60.606	59.4048	NA
134	211	4721	0	556	544	60.7152	59.4048	NA
142	175	2228	0	557	543	60.8244	59.2956	NA
134	191	2017	0	558	543	60.9336	59.2956	NA
136	181	2008	0	559	542	61.0428	59.1864	NA
130	194	2288	0	560	542	61.152	59.1864	NA
138	158	3556	0	561	541	61.2612	59.0772	NA
136	217	2609	0	562	540	61.3704	58.968	NA
129	394	2455	0	563	540	61.4796	58.968	NA
133	1148	2990	0	564	539	61.5888	58.8588	NA
132	2207	4070	0	565	539	61.698	58.8588	NA
137	2197	2996	0	566	538	61.8072	58.7496	NA
126	1118	1809	396	567	538	61.9164	58.7496	NA
133	882	1648	412	568	537	62.0256	58.6404	NA
140	1144	1146	513	569	537	62.1348	58.6404	NA
133	1532	403	0	570	536	62.244	58.5312	NA
127	1527	409	362	571	536	62.3532	58.5312	NA
127	557	332	206	572	535	62.4624	58.422	NA
139	312	440	0	573	534	62.5716	58.3128	NA
132	289	993	0	574	534	62.6808	58.3128	NA
135	506	1328	0	575	533	62.79	58.2036	NA
129	796	1253	0	576	533	62.8992	58.2036	NA
128	546	1385	0	577	532	63.0084	58.0944	NA
123	395	1836	0	578	532	63.1176	58.0944	NA
123	191	1883	0	579	531	63.2268	57.9852	NA
123	158	1337	0	580	531	63.336	57.9852	NA
124	0	792	0	581	530	63.4452	57.876	NA
126	0	966	0	582	530	63.5544	57.876	"join"
128	0	1149	0	583	530	63.6636	57.876	NA
121	0	544	0	584	530	63.7728	57.876	NA
118	0	281	0	585	530	63.882	57.876	NA
118	252	464	226	586	529	63.9912	57.7668	NA
121	452	595	0	587	529	64.1004	57.7668	NA
119	726	676	0	588	529	64.2096	57.7668	NA
119	1266	1607	196	589	529	64.3188	57.7668	NA
122	2078	3361	687	590	529	64.428	57.7668	NA
124	1693	5645	1416	591	529	64.5372	57.7668	NA
129	622	5350	1330	592	529	64.6464	57.7668	NA
122	249	3139	608	593	529	64.7556	57.7668	NA
124	0	2447	0	594	529	64.8648	57.7668	NA
122	0	2290	0	595	528	64.974	57.6576	NA
119	0	1840	0	596	528	65.0832	57.6576	NA
118	0	1251	0	597	528	65.1924	57.6576	NA
0	0	850	0	598	528	65.3016	57.6576	NA
123	0	479	0	599	528	65.4108	57.6576	NA
0	0	317	0	600	528	65.52	57.6576	NA
124	0	177	0	601	528	65.6292	57.6576	NA
124	0	0	0	602	528	65.7384	57.6576	NA
120	0	0	0	603	527	65.8476	57.5484	NA
121	0	0	0	604	527	65.9568	57.5484	NA
127	0	254	0	605	527	66.066	57.5484	NA
122	0	609	0	606	527	66.1752	57.5484	NA
125	0	1215	0	607	527	66.2844	57.5484	NA
126	0	1940	0	608	527	66.3936	57.5484	NA
125	0	2119	0	609	527	66.5028	57.5484	NA
121	0	1461	0	610	527	66.612	57.5484	NA
125	0	775	0	611	527	66.7212	57.5484	NA
118	0	492	0	612	526	66.8304	57.4392	NA
122	157	292	0	613	526	66.9396	57.4392	NA
124	229	0	440	614	526	67.0488	57.4392	NA
132	280	0	1155	615	526	67.158	57.4392	NA
130	232	0	1493	616	526	67.2672	57.4392	NA
122	0	0	1023	617	526	67.3764	57.4392	NA
120	0	0	369	618	526	67.4856	57.4392	NA
119	0	0	0	619	526	67.5948	57.4392	NA
122	0	0	0	620	526	67.704	57.4392	NA
126	0	0	0	621	525	67.8132	57.33	NA
121	0	0	0	622	525	67.9224	57.33	NA
0	0	0	0	623	525	68.0316	57.33	NA
119	0	0	0	624	525	68.1408	57.33	NA
126	0	0	0	625	525	68.25	57.33	NA
126	0	278	0	626	525	68.3592	57.33	NA
128	0	855	0	627	525	68.4684	57.33	NA
122	0	1042	0	628	525	68.5776	57.33	NA
118	0	1335	0	629	524	68.6868	57.2208	NA
122	0	499	0	630	524	68.796	57.2208	NA
122	0	626	0	631	524	68.9052	57.2208	NA
124	171	851	0	632	524	69.0144	57.2208	NA
130	271	2424	0	633	524	69.1236	57.2208	NA
138	303	5811	0	634	524	69.2328	57.2208	NA
129	244	5332	0	635	524	69.342	57.2208	NA
123	0	3061	0	636	524	69.4512	57.2208	NA
123	0	2417	0	637	524	69.5604	57.2208	NA
124	0	2239	0	638	523	69.6696	57.1116	NA
128	0	2472	0	639	523	69.7788	57.1116	NA
129	0	1732	0	640	523	69.888	57.1116	NA
125	163	1373	0	641	523	69.9972	57.1116	NA
122	185	1294	0	642	523	70.1064	57.1116	NA
123	271	1743	0	643	523	70.2156	57.1116	NA
118	429	3924	0	644	523	70.3248	57.1116	NA
123	402	4567	0	645	523	70.434	57.1116	NA
125	264	2289	0	646	523	70.5432	57.1116	NA
123	0	826	0	647	522	70.6524	57.0024	NA
121	0	467	0	648	522	70.7616	57.0024	NA
119	0	320	0	649	522	70.8708	57.0024	NA
124	0	216	0	650	522	70.98	57.0024	NA
130	0	478	0	651	522	71.0892	57.0024	NA
121	0	1018	0	652	522	71.1984	57.0024	NA
120	0	829	0	653	522	71.3076	57.0024	NA
118	0	403	0	654	522	71.4168	57.0024	NA
123	0	352	0	655	521	71.526	56.8932	NA
128	0	628	0	656	521	71.6352	56.8932	NA
122	0	740	0	657	521	71.7444	56.8932	NA
119	180	543	0	658	521	71.8536	56.8932	NA
120	212	432	0	659	521	71.9628	56.8932	NA
131	234	460	0	660	521	72.072	56.8932	NA
132	278	405	0	661	521	72.1812	56.8932	NA
138	373	321	0	662	521	72.2904	56.8932	NA
140	413	410	0	663	521	72.3996	56.8932	NA
140	244	537	0	664	520	72.5088	56.784	NA
139	203	1809	0	665	520	72.618	56.784	NA
132	0	2364	0	666	520	72.7272	56.784	NA
137	0	1155	0	667	520	72.8364	56.784	NA
139	0	355	0	668	520	72.9456	56.784	NA
NA	NA	NA	NA	NA	NA	NA	NA	NA
NA	NA	NA	NA	NA	NA	NA	NA	NA
NA	NA	NA	NA	NA	NA	NA	NA	NA
NA	NA	NA	NA	NA	NA	NA	NA	"gap"
NA	NA	NA	NA	NA	NA	NA	NA	NA
NA	NA	NA	NA	NA	NA	NA	NA	NA
NA	NA	NA	NA	NA	NA	NA	NA	NA
136	0	1561	0	529	205	57.7668	22.386	NA
137	0	1708	0	529	206	57.7668	22.4952	NA
125	0	2187	0	528	207	57.6576	22.6044	NA
127	0	853	0	528	208	57.6576	22.7136	NA
122	0	524	0	527	209	57.5484	22.8228	NA
126	0	676	0	527	210	57.5484	22.932	NA
134	0	740	0	526	211	57.4392	23.0412	NA
124	0	635	0	526	212	57.4392	23.1504	NA
123	0	498	0	526	213	57.4392	23.2596	NA
0	0	370	0	525	214	57.33	23.3688	NA
121	0	396	0	525	215	57.33	23.478	NA
125	0	2824	195	524	216	57.2208	23.5872	NA
121	0	4196	234	524	217	57.2208	23.6964	NA
122	0	3901	0	523	218	57.1116	23.8056	NA
123	0	3125	0	523	219	57.1116	23.9148	NA
120	0	2048	0	523	220	57.1116	24.024	NA
128	0	1217	0	522	221	57.0024	24.1332	NA
125	0	2102	0	522	222	57.0024	24.2424	NA
121	0	1948	0	521	223	56.8932	24.3516	NA
0	0	1969	0	521	224	56.8932	24.4608	NA
123	0	3980	0	520	225	56.784	24.57	NA
124	0	5820	0	520	226	56.784	24.6792	NA
125	0	18727	0	519	227	56.6748	24.7884	NA
118	0	9629	0	519	228	56.6748	24.8976	NA
0	0	5744	0	519	229	56.6748	25.0068	NA
0	0	3701	0	518	230	56.5656	25.116	NA
137	0	2645	0	518	231	56.5656	25.2252	NA
131	0	1441	0	517	232	56.4564	25.3344	NA
119	0	1097	0	517	233	56.4564	25.4436	NA
120	0	543	0	516	234	56.3472	25.5528	NA
121	0	615	0	516	235	56.3472	25.662	NA
0	0	931	0	516	236	56.3472	25.7712	NA
127	0	1085	0	515	237	56.238	25.8804	NA
121	0	1696	0	515	238	56.238	25.9896	NA
123	0	2098	0	514	239	56.1288	26.0988	NA
124	0	2629	0	514	240	56.1288	26.208	NA
127	0	2576	0	513	241	56.0196	26.3172	NA
121	0	3225	0	513	242	56.0196	26.4264	NA
121	0	2491	0	513	243	56.0196	26.5356	NA
121	0	1312	0	512	244	55.9104	26.6448	NA
121	0	1041	0	512	245	55.9104	26.754	NA
119	0	629	0	511	246	55.8012	26.8632	NA
125	0	526	0	511	247	55.8012	26.9724	NA
131	0	946	0	510	248	55.692	27.0816	NA
128	0	982	0	510	249	55.692	27.1908	NA
0	0	977	0	510	250	55.692	27.3	NA
124	0	1718	201	509	251	55.5828	27.4092	NA
119	0	1779	293	509	252	55.5828	27.5184	NA
124	0	2151	325	508	253	55.4736	27.6276	NA
124	165	3658	885	508	254	55.4736	27.7368	NA
126	223	12081	1064	507	255	55.3644	27.846	NA
127	233	11966	1933	507	256	55.3644	27.9552	NA
124	185	5359	3079	507	257	55.3644	28.0644	NA
121	0	2584	1637	506	258	55.2552	28.1736	NA
0	0	1500	1319	506	259	55.2552	28.2828	NA
119	0	1049	237	505	260	55.146	28.392	NA
0	0	1119	238	505	261	55.146	28.5012	NA
122	0	720	0	504	262	55.0368	28.6104	NA
123	162	638	207	504	263	55.0368	28.7196	NA
120	0	490	0	503	264	54.9276	28.8288	NA
122	0	502	256	503	265	54.9276	28.938	NA
121	158	585	406	503	266	54.9276	29.0472	NA
121	160	2551	306	502	267	54.8184	29.1564	NA
124	164	2352	815	502	268	54.8184	29.2656	NA
119	214	2296	196	501	269	54.7092	29.3748	NA
0	277	1594	193	501	270	54.7092	29.484	NA
118	364	541	0	500	271	54.6	29.5932	NA
0	327	525	0	500	272	54.6	29.7024	NA
118	315	469	0	500	273	54.6	29.8116	NA
118	239	281	0	499	274	54.4908	29.9208	NA
124	210	223	0	499	275	54.4908	30.03	NA
120	0	189	0	498	276	54.3816	30.1392	NA
120	0	276	0	498	277	54.3816	30.2484	NA
0	0	401	0	497	278	54.2724	30.3576	NA
0	0	567	0	497	279	54.2724	30.4668	NA
0	0	802	0	497	280	54.2724	30.576	NA
120	0	1318	0	496	281	54.1632	30.6852	NA
121	0	1569	0	496	282	54.1632	30.7944	NA
125	0	2578	0	495	283	54.054	30.9036	NA
120	0	3066	0	495	284	54.054	31.0128	NA
120	0	9015	370	494	285	53.9448	31.122	NA
0	0	9293	389	494	286	53.9448	31.2312	NA
122	0	7556	204	494	287	53.9448	31.3404	NA
122	179	6706	195	493	288	53.8356	31.4496	NA
123	171	4263	0	493	289	53.8356	31.5588	NA
119	179	3532	0	492	290	53.7264	31.668	NA
132	159	1948	0	492	291	53.7264	31.7772	NA
126	0	1225	0	491	292	53.6172	31.8864	NA
124	0	677	0	491	293	53.6172	31.9956	NA
121	0	456	0	491	294	53.6172	32.1048	NA
120	0	551	0	490	295	53.508	32.214	NA
0	0	949	0	490	296	53.508	32.3232	NA
119	0	703	0	489	297	53.3988	32.4324	NA
120	0	658	0	489	298	53.3988	32.5416	NA
120	0	464	0	488	299	53.2896	32.6508	NA
0	0	439	0	488	300	53.2896	32.76	NA
121	0	348	194	487	301	53.1804	32.8692	NA
123	205	310	198	487	302	53.1804	32.9784	NA
125	248	232	196	487	303	53.1804	33.0876	NA
119	164	215	0	486	304	53.0712	33.1968	NA
118	159	193	0	486	305	53.0712	33.306	NA
120	0	203	0	485	306	52.962	33.4152	NA
126	0	211	0	485	307	52.962	33.5244	NA
123	0	187	0	484	308	52.8528	33.6336	NA
121	0	215	0	484	309	52.8528	33.7428	NA
124	0	273	0	484	310	52.8528	33.852	NA
124	0	200	0	483	311	52.7436	33.9612	NA
121	0	247	0	483	312	52.7436	34.0704	NA
0	0	272	0	482	313	52.6344	34.1796	NA
0	0	315	0	482	314	52.6344	34.2888	NA
0	0	245	0	481	315	52.5252	34.398	NA
121	0	232	0	481	316	52.5252	34.5072	NA
NA	NA	NA	NA	NA	NA	NA	NA	NA
NA	NA	NA	NA	NA	NA	NA	NA	NA
NA	NA	NA	NA	NA	NA	NA	NA	NA
NA	NA	NA	NA	NA	NA	NA	NA	"gap"
NA	NA	NA	NA	NA	NA	NA	NA	NA
NA	NA	NA	NA	NA	NA	NA	NA	NA
NA	NA	NA	NA	NA	NA	NA	NA	NA
123	157	1252	0	438	452	47.8296	49.3584	NA
131	0	755	0	439	452	47.9388	49.3584	NA
121	0	529	0	440	451	48.048	49.2492	NA
120	0	542	0	441	451	48.1572	49.2492	NA
118	232	641	249	442	450	48.2664	49.14	NA
120	413	804	428	443	450	48.3756	49.14	NA
120	516	1319	485	444	450	48.4848	49.14	NA
127	659	3916	426	445	449	48.594	49.0308	NA
125	468	5338	195	446	449	48.7032	49.0308	NA
126	425	4573	0	447	448	48.8124	48.9216	NA
138	432	804	0	448	448	48.9216	48.9216	NA
139	542	659	0	449	447	49.0308	48.8124	NA
145	739	589	0	450	447	49.14	48.8124	NA
131	685	528	0	451	447	49.2492	48.8124	NA
124	520	2486	0	452	446	49.3584	48.7032	NA
139	417	1392	0	453	446	49.4676	48.7032	NA
119	251	536	0	454	445	49.5768	48.594	NA
121	230	512	0	455	445	49.686	48.594	NA
118	197	525	0	456	445	49.7952	48.594	NA
130	200	458	0	457	444	49.9044	48.4848	NA
134	201	327	0	458	444	50.0136	48.4848	NA
135	0	729	0	459	443	50.1228	48.3756	NA
128	164	300	0	460	443	50.232	48.3756	NA
128	178	0	0	461	442	50.3412	48.2664	NA
121	242	159	0	462	442	50.4504	48.2664	NA
122	300	263	0	463	442	50.5596	48.2664	NA
124	204	763	0	464	441	50.6688	48.1572	NA
122	172	1208	0	465	441	50.778	48.1572	NA
120	157	2378	0	466	440	50.8872	48.048	NA
133	156	4368	238	467	440	50.9964	48.048	NA
142	171	8094	1081	468	440	51.1056	48.048	NA
138	199	6048	1198	469	439	51.2148	47.9388	NA
145	207	4910	1496	470	439	51.324	47.9388	NA
139	164	2103	565	471	438	51.4332	47.8296	NA
124	163	1304	597	472	438	51.5424	47.8296	NA
118	0	826	222	473	437	51.6516	47.7204	NA
0	0	613	0	474	437	51.7608	47.7204	NA
121	0	470	0	475	437	51.87	47.7204	NA
122	0	515	0	476	436	51.9792	47.6112	NA
123	0	602	0	477	436	52.0884	47.6112	NA
123	0	432	0	478	435	52.1976	47.502	NA
118	0	429	0	479	435	52.3068	47.502	NA
119	0	391	0	480	435	52.416	47.502	NA
0	0	348	0	481	434	52.5252	47.3928	NA
0	0	334	0	482	434	52.6344	47.3928	NA
126	0	362	0	483	433	52.7436	47.2836	NA
127	0	255	0	484	433	52.8528	47.2836	NA
129	0	233	231	485	432	52.962	47.1744	NA
132	0	176	225	486	432	53.0712	47.1744	NA
130	0	172	0	487	432	53.1804	47.1744	NA
120	0	207	0	488	431	53.2896	47.0652	NA
121	0	555	0	489	431	53.3988	47.0652	NA
122	0	1140	0	490	430	53.508	46.956	NA
122	0	2135	0	491	430	53.6172	46.956	NA
NA	NA	NA	NA	NA	NA	NA	NA	NA
NA	NA	NA	NA	NA	NA	NA	NA	NA
NA	NA	NA	NA	NA	NA	NA	NA	NA
NA	NA	NA	NA	NA	NA	NA	NA	"gap"
NA	NA	NA	NA	NA	NA	NA	NA	NA
NA	NA	NA	NA	NA	NA	NA	NA	NA
NA	NA	NA	NA	NA	NA	NA	NA	NA
119	0	0	269	379	606	41.3868	66.1752	NA
128	0	0	430	379	605	41.3868	66.066	NA
122	0	0	377	380	604	41.496	65.9568	NA
121	0	0	584	380	603	41.496	65.8476	NA
118	0	244	0	381	602	41.6052	65.7384	NA
128	0	292	0	381	601	41.6052	65.6292	NA
125	155	532	447	382	600	41.7144	65.52	NA
126	208	600	492	382	599	41.7144	65.4108	NA
134	245	817	1113	383	598	41.8236	65.3016	NA
121	181	1047	467	383	597	41.8236	65.1924	NA
120	181	1435	347	383	596	41.8236	65.0832	NA
124	233	3088	315	384	595	41.9328	64.974	NA
125	225	2467	242	384	594	41.9328	64.8648	NA
125	278	3130	233	385	593	42.042	64.7556	NA
119	213	1659	0	385	592	42.042	64.6464	NA
121	184	1149	0	386	591	42.1512	64.5372	NA
121	156	1068	0	386	590	42.1512	64.428	NA
124	0	841	0	386	589	42.1512	64.3188	NA
124	0	653	0	387	588	42.2604	64.2096	NA
122	0	549	0	387	587	42.2604	64.1004	NA
122	170	460	207	388	586	42.3696	63.9912	NA
122	161	435	331	388	585	42.3696	63.882	NA
118	172	398	214	389	584	42.4788	63.7728	NA
119	162	441	0	389	583	42.4788	63.6636	NA
124	0	537	0	390	582	42.588	63.5544	NA
118	0	423	0	390	581	42.588	63.4452	NA
119	0	337	0	390	580	42.588	63.336	NA
124	0	639	0	391	579	42.6972	63.2268	NA
122	0	677	235	391	578	42.6972	63.1176	NA
118	0	940	227	392	577	42.8064	63.0084	NA
0	0	852	252	392	576	42.8064	62.8992	NA
120	0	1392	0	393	575	42.9156	62.79	NA
119	0	2230	271	393	574	42.9156	62.6808	NA
119	0	2721	195	394	573	43.0248	62.5716	NA
118	0	4070	197	394	572	43.0248	62.4624	NA
0	0	2784	0	394	571	43.0248	62.3532	NA
120	0	997	0	395	570	43.134	62.244	NA
126	0	628	0	395	569	43.134	62.1348	NA
123	0	340	0	396	568	43.2432	62.0256	NA
126	163	389	0	396	567	43.2432	61.9164	NA
126	269	564	0	397	566	43.3524	61.8072	NA
126	346	670	0	397	565	43.3524	61.698	NA
124	286	679	0	397	564	43.3524	61.5888	NA
126	203	1060	0	398	563	43.4616	61.4796	NA
131	180	1288	0	398	562	43.4616	61.3704	NA
129	157	5069	0	399	561	43.5708	61.2612	NA
121	0	9111	0	399	560	43.5708	61.152	NA
133	0	12295	0	400	559	43.68	61.0428	NA
132	0	4650	0	400	558	43.68	60.9336	NA
128	0	4142	0	401	558	43.7892	60.9336	"join"
130	0	2078	0	401	557	43.7892	60.8244	NA
124	0	1291	0	401	556	43.7892	60.7152	NA
133	0	1062	205	401	555	43.7892	60.606	NA
131	0	697	231	401	554	43.7892	60.4968	NA
128	0	735	322	401	553	43.7892	60.3876	NA
132	0	462	384	401	552	43.7892	60.2784	NA
137	297	378	839	401	551	43.7892	60.1692	NA
129	446	399	1720	401	550	43.7892	60.06	NA
127	541	447	1941	401	549	43.7892	59.9508	NA
127	688	286	1772	402	548	43.8984	59.8416	NA
120	1168	284	875	402	547	43.8984	59.7324	NA
126	1464	228	312	402	546	43.8984	59.6232	NA
136	1001	180	0	402	545	43.8984	59.514	NA
135	574	0	0	402	544	43.8984	59.4048	NA
140	368	242	0	402	543	43.8984	59.2956	NA
133	347	220	0	402	542	43.8984	59.1864	NA
123	288	284	0	402	541	43.8984	59.0772	NA
119	372	561	0	402	540	43.8984	58.968	NA
0	526	766	0	402	539	43.8984	58.8588	NA
121	679	779	0	402	538	43.8984	58.7496	NA
136	1130	816	203	402	537	43.8984	58.6404	NA
150	1495	1558	494	402	536	43.8984	58.5312	NA
144	2256	2277	854	402	535	43.8984	58.422	NA
136	1643	2007	773	402	534	43.8984	58.3128	NA
128	900	2216	349	402	533	43.8984	58.2036	NA
127	513	2258	215	402	532	43.8984	58.0944	NA
121	409	3173	278	402	531	43.8984	57.9852	NA
126	316	2071	254	403	530	44.0076	57.876	NA
126	0	1396	335	403	529	44.0076	57.7668	NA
119	0	743	855	403	528	44.0076	57.6576	NA
122	0	626	2378	403	527	44.0076	57.5484	NA
120	0	570	3085	403	526	44.0076	57.4392	NA
125	162	633	1658	403	525	44.0076	57.33	NA
123	0	869	378	403	524	44.0076	57.2208	NA
124	0	499	0	403	523	44.0076	57.1116	NA
125	0	372	0	403	522	44.0076	57.0024	NA
124	0	335	0	403	521	44.0076	56.8932	NA
121	0	320	0	403	520	44.0076	56.784	NA
122	0	281	0	403	519	44.0076	56.6748	NA
126	0	282	0	403	518	44.0076	56.5656	NA
124	0	269	0	403	517	44.0076	56.4564	NA
122	0	220	0	403	516	44.0076	56.3472	NA
121	0	207	0	403	515	44.0076	56.238	NA
128	0	166	0	403	514	44.0076	56.1288	NA
126	0	0	198	403	513	44.0076	56.0196	NA
124	0	0	275	403	512	44.0076	55.9104	NA
122	0	0	916	404	511	44.1168	55.8012	NA
120	0	0	959	404	510	44.1168	55.692	NA
125	0	0	520	404	509	44.1168	55.5828	NA
132	0	167	0	404	508	44.1168	55.4736	NA
133	0	233	0	404	507	44.1168	55.3644	NA
131	0	297	0	404	506	44.1168	55.2552	NA
133	0	335	0	404	505	44.1168	55.146	NA
127	0	321	0	404	504	44.1168	55.0368	NA
125	0	454	0	404	503	44.1168	54.9276	NA
128	0	518	0	404	502	44.1168	54.8184	NA
126	0	761	0	404	501	44.1168	54.7092	NA
121	0	675	0	404	500	44.1168	54.6	NA
122	0	330	213	404	499	44.1168	54.4908	NA
123	0	212	263	404	498	44.1168	54.3816	NA
120	0	386	239	404	497	44.1168	54.2724	NA
125	0	653	0	404	496	44.1168	54.1632	NA
127	0	894	0	404	495	44.1168	54.054	NA
125	0	952	0	404	494	44.1168	53.9448	NA
121	0	999	0	405	493	44.226	53.8356	NA
119	0	1289	0	405	492	44.226	53.7264	NA
127	176	1326	0	405	491	44.226	53.6172	NA
126	191	1529	259	405	490	44.226	53.508	NA
128	215	1986	420	405	489	44.226	53.3988	NA
120	232	2730	506	405	488	44.226	53.2896	NA
125	252	3436	310	405	487	44.226	53.1804	NA
133	259	3926	242	405	486	44.226	53.0712	NA
139	236	4468	346	405	485	44.226	52.962	NA
143	216	4174	564	405	484	44.226	52.8528	NA
NA	NA	NA	NA	NA	NA	NA	NA	NA
NA	NA	NA	NA	NA	NA	NA	NA	NA
NA	NA	NA	NA	NA	NA	NA	NA	"gap"
NA	NA	NA	NA	NA	NA	NA	NA	NA
NA	NA	NA	NA	NA	NA	NA	NA	NA
NA	NA	NA	NA	NA	NA	NA	NA	NA
NA	NA	NA	NA	NA	NA	NA	NA	NA
121	0	1148	0	243	527	26.5356	57.5484	NA
123	0	994	0	244	526	26.6448	57.4392	NA
125	0	760	0	245	526	26.754	57.4392	NA
127	0	659	0	246	525	26.8632	57.33	NA
131	0	685	0	247	525	26.9724	57.33	NA
122	0	1455	0	248	524	27.0816	57.2208	NA
124	0	1790	0	249	524	27.1908	57.2208	NA
134	0	2367	0	250	523	27.3	57.1116	NA
129	0	1729	0	251	523	27.4092	57.1116	NA
121	0	1553	0	252	522	27.5184	57.0024	NA
120	0	1804	0	253	522	27.6276	57.0024	NA
121	202	5259	0	254	521	27.7368	56.8932	NA
120	186	4362	0	255	521	27.846	56.8932	NA
123	0	2701	0	256	520	27.9552	56.784	NA
122	0	2138	0	257	520	28.0644	56.784	NA
134	0	1411	221	258	519	28.1736	56.6748	NA
125	0	459	0	259	519	28.2828	56.6748	NA
123	0	450	0	260	518	28.392	56.5656	NA
125	0	426	0	261	518	28.5012	56.5656	NA
121	0	500	0	262	517	28.6104	56.4564	NA
119	0	629	0	263	517	28.7196	56.4564	NA
119	0	402	0	264	516	28.8288	56.3472	NA
120	0	235	0	265	516	28.938	56.3472	NA
119	0	510	0	266	515	29.0472	56.238	NA
122	0	832	0	267	515	29.1564	56.238	NA
124	0	1361	0	268	514	29.2656	56.1288	NA
121	0	1746	0	269	514	29.3748	56.1288	NA
122	0	2178	0	270	513	29.484	56.0196	NA
119	0	703	0	271	513	29.5932	56.0196	NA
119	0	319	0	272	512	29.7024	55.9104	NA
0	0	483	0	273	512	29.8116	55.9104	NA
121	0	483	0	274	511	29.9208	55.8012	NA
120	0	374	408	275	510	30.03	55.692	NA
128	0	279	432	276	510	30.1392	55.692	NA
0	0	167	250	277	509	30.2484	55.5828	NA
121	0	154	0	278	509	30.3576	55.5828	NA
0	0	0	0	279	508	30.4668	55.4736	NA
122	157	174	0	280	508	30.576	55.4736	NA
123	0	214	0	281	507	30.6852	55.3644	NA
126	0	266	0	282	507	30.7944	55.3644	NA
123	0	251	0	283	506	30.9036	55.2552	NA
124	0	288	0	284	506	31.0128	55.2552	NA
123	0	302	0	285	505	31.122	55.146	NA
0	0	371	0	286	505	31.2312	55.146	NA
119	0	495	0	287	504	31.3404	55.0368	NA
125	0	448	0	288	504	31.4496	55.0368	NA
119	0	675	0	289	503	31.5588	54.9276	NA
124	0	1179	0	290	503	31.668	54.9276	NA
127	0	3290	0	291	502	31.7772	54.8184	NA
122	0	1541	0	292	502	31.8864	54.8184	NA
127	0	905	0	293	501	31.9956	54.7092	NA
123	194	1201	346	294	501	32.1048	54.7092	NA
0	212	1477	624	295	500	32.214	54.6	NA
122	214	1838	584	296	500	32.3232	54.6	NA
124	204	6144	0	297	499	32.4324	54.4908	NA
123	229	15636	0	298	499	32.5416	54.4908	NA
119	0	7646	0	299	498	32.6508	54.3816	NA
0	0	3047	0	300	498	32.76	54.3816	NA
123	0	1539	0	301	497	32.8692	54.2724	NA
121	0	1853	0	302	497	32.9784	54.2724	NA
119	169	2423	312	303	496	33.0876	54.1632	NA
125	177	3748	1254	304	496	33.1968	54.1632	NA
131	181	6471	1742	305	495	33.306	54.054	NA
133	219	5223	738	306	494	33.4152	53.9448	NA
125	236	5946	629	307	494	33.5244	53.9448	NA
127	211	5999	531	308	493	33.6336	53.8356	NA
128	275	6221	870	309	493	33.7428	53.8356	NA
124	414	5754	843	310	492	33.852	53.7264	NA
127	328	4281	794	311	492	33.9612	53.7264	NA
132	221	1307	252	312	491	34.0704	53.6172	NA
127	183	710	197	313	491	34.1796	53.6172	NA
122	158	693	0	314	490	34.2888	53.508	NA
124	0	530	0	315	490	34.398	53.508	NA
124	197	435	0	316	489	34.5072	53.3988	NA
127	213	429	0	317	489	34.6164	53.3988	NA
121	158	519	0	318	488	34.7256	53.2896	NA
122	0	564	0	319	488	34.8348	53.2896	NA
129	0	450	0	320	487	34.944	53.1804	NA
124	0	413	0	321	487	35.0532	53.1804	NA
125	0	682	233	322	486	35.1624	53.0712	NA
120	0	1138	243	323	486	35.2716	53.0712	NA
129	0	2088	229	324	485	35.3808	52.962	NA
121	0	471	0	325	485	35.49	52.962	NA
118	0	453	0	326	484	35.5992	52.8528	NA
125	0	437	0	327	484	35.7084	52.8528	NA
128	0	374	597	328	483	35.8176	52.7436	NA
127	0	316	741	329	483	35.9268	52.7436	NA
138	0	359	329	330	482	36.036	52.6344	NA
132	0	375	0	331	482	36.1452	52.6344	NA
123	0	421	0	332	481	36.2544	52.5252	NA
121	0	438	0	333	481	36.3636	52.5252	NA
122	0	550	0	334	480	36.4728	52.416	NA
125	0	599	0	335	480	36.582	52.416	NA
124	0	675	209	336	479	36.6912	52.3068	NA
125	0	790	471	337	479	36.8004	52.3068	NA
125	164	635	1780	338	478	36.9096	52.1976	NA
122	0	435	1623	339	477	37.0188	52.0884	NA
122	0	357	624	340	477	37.128	52.0884	NA
120	0	401	0	341	476	37.2372	51.9792	NA
121	0	406	0	342	476	37.3464	51.9792	NA
119	0	393	0	343	475	37.4556	51.87	NA
119	155	403	0	344	475	37.5648	51.87	NA
122	0	298	0	345	474	37.674	51.7608	NA
125	0	330	222	346	474	37.7832	51.7608	NA
135	0	374	269	347	473	37.8924	51.6516	NA
128	0	362	346	348	473	38.0016	51.6516	NA
0	0	379	240	349	472	38.1108	51.5424	NA
119	0	379	0	350	472	38.22	51.5424	NA
125	0	240	0	351	471	38.3292	51.4332	NA
119	0	243	0	352	471	38.4384	51.4332	NA
123	0	273	0	353	470	38.5476	51.324	NA
118	0	271	0	354	470	38.6568	51.324	NA
118	0	366	0	355	469	38.766	51.2148	NA
123	0	331	0	356	469	38.8752	51.2148	NA
125	0	322	0	357	468	38.9844	51.1056	NA
0	0	214	0	358	468	39.0936	51.1056	NA
0	172	880	0	359	467	39.2028	50.9964	NA
119	199	2503	0	360	467	39.312	50.9964	NA
120	232	4798	0	361	466	39.4212	50.8872	NA
0	162	2115	0	362	466	39.5304	50.8872	NA
123	0	328	0	363	465	39.6396	50.778	NA
120	0	559	0	364	465	39.7488	50.778	NA
121	0	601	405	365	464	39.858	50.6688	NA
119	0	499	452	366	464	39.9672	50.6688	NA
123	0	610	298	367	463	40.0764	50.5596	NA
0	0	3150	246	368	463	40.1856	50.5596	NA
0	0	1537	0	369	462	40.2948	50.4504	NA
121	0	630	0	370	461	40.404	50.3412	NA
124	0	492	0	371	461	40.5132	50.3412	NA
129	0	425	0	372	460	40.6224	50.232	NA
124	0	458	0	373	460	40.7316	50.232	NA
118	0	352	0	374	459	40.8408	50.1228	NA
0	156	322	0	375	459	40.95	50.1228	NA
123	0	1827	0	376	458	41.0592	50.0136	NA
126	0	4054	0	377	458	41.1684	50.0136	NA
0	0	3164	0	378	457	41.2776	49.9044	NA
0	0	1761	0	379	457	41.3868	49.9044	NA
118	0	341	0	380	456	41.496	49.7952	NA
125	0	395	0	381	456	41.6052	49.7952	NA
128	0	475	0	382	455	41.7144	49.686	NA
124	0	541	0	383	455	41.8236	49.686	NA
125	0	670	0	384	454	41.9328	49.5768	NA
126	0	1175	0	385	454	42.042	49.5768	NA
118	0	2497	0	386	453	42.1512	49.4676	NA
119	0	1941	0	387	453	42.2604	49.4676	NA
122	0	450	0	388	452	42.3696	49.3584	NA
124	0	358	0	389	452	42.4788	49.3584	NA
128	0	335	0	390	451	42.588	49.2492	NA
124	0	265	201	391	451	42.6972	49.2492	NA
126	0	727	279	392	450	42.8064	49.14	NA
126	0	1291	234	393	450	42.9156	49.14	NA
130	0	833	194	394	449	43.0248	49.0308	NA
123	0	349	0	395	449	43.134	49.0308	NA
122	0	462	0	396	448	43.2432	48.9216	NA
124	0	477	0	397	448	43.3524	48.9216	NA
121	0	569	0	398	447	43.4616	48.8124	NA
123	0	438	0	399	447	43.5708	48.8124	NA
121	0	474	0	400	446	43.68	48.7032	NA
121	0	536	0	401	445	43.7892	48.594	NA
0	0	388	0	402	445	43.8984	48.594	NA
125	0	259	0	403	444	44.0076	48.4848	NA
124	0	206	0	404	444	44.1168	48.4848	NA
121	0	194	0	405	443	44.226	48.3756	NA
122	0	205	0	406	443	44.3352	48.3756	NA
119	0	395	0	407	442	44.4444	48.2664	NA
126	0	434	0	408	442	44.5536	48.2664	NA
121	0	466	0	409	441	44.6628	48.1572	NA
126	0	374	0	410	441	44.772	48.1572	NA
125	0	321	0	411	440	44.8812	48.048	NA
122	0	463	0	412	440	44.9904	48.048	NA
127	0	696	407	413	439	45.0996	47.9388	NA
127	0	982	680	414	439	45.2088	47.9388	NA
122	0	1363	443	415	438	45.318	47.8296	NA
121	0	1959	339	416	438	45.4272	47.8296	NA
119	0	2475	330	417	437	45.5364	47.7204	NA
129	162	1155	264	418	437	45.6456	47.7204	NA
130	0	598	0	419	436	45.7548	47.6112	NA
127	0	620	0	420	436	45.864	47.6112	NA
0	0	900	0	421	435	45.9732	47.502	NA
118	0	985	0	422	435	46.0824	47.502	NA
126	0	819	0	423	434	46.1916	47.3928	NA
125	0	731	0	424	434	46.3008	47.3928	NA
121	0	518	0	425	433	46.41	47.2836	NA
0	0	513	0	426	433	46.5192	47.2836	NA
120	0	466	0	427	432	46.6284	47.1744	NA
123	0	549	0	428	432	46.7376	47.1744	NA
126	162	375	0	429	431	46.8468	47.0652	NA
127	159	357	0	430	431	46.956	47.0652	NA
122	0	218	0	431	430	47.0652	46.956	NA
123	0	295	0	432	429	47.1744	46.8468	NA
122	0	154	0	433	429	47.2836	46.8468	NA
124	0	173	0	434	428	47.3928	46.7376	NA
121	0	0	0	435	428	47.502	46.7376	NA
127	0	224	0	436	427	47.6112	46.6284	NA
119	0	283	0	437	427	47.7204	46.6284	NA
127	0	441	0	438	426	47.8296	46.5192	NA
120	0	634	0	439	426	47.9388	46.5192	NA
118	0	1331	0	440	425	48.048	46.41	NA
0	0	1581	0	441	425	48.1572	46.41	NA
119	0	1203	0	442	424	48.2664	46.3008	NA
121	0	377	0	443	424	48.3756	46.3008	NA
123	0	323	0	444	423	48.4848	46.1916	NA
121	0	326	0	445	423	48.594	46.1916	NA
122	0	271	0	446	422	48.7032	46.0824	NA
121	160	227	0	447	422	48.8124	46.0824	NA
0	158	190	0	448	421	48.9216	45.9732	NA
0	0	693	0	449	421	49.0308	45.9732	NA
0	0	2105	0	450	420	49.14	45.864	NA
122	0	2165	0	451	420	49.2492	45.864	NA
119	0	678	0	452	419	49.3584	45.7548	NA
123	0	597	0	453	419	49.4676	45.7548	NA
133	0	382	0	454	418	49.5768	45.6456	NA
125	0	295	0	455	418	49.686	45.6456	NA
126	0	299	0	456	417	49.7952	45.5364	NA
126	0	280	0	457	417	49.9044	45.5364	NA
129	0	322	0	458	416	50.0136	45.4272	NA
128	0	318	0	459	416	50.1228	45.4272	NA
127	0	469	0	460	415	50.232	45.318	NA
123	0	531	203	461	415	50.3412	45.318	NA
126	0	1563	244	462	414	50.4504	45.2088	NA
122	0	694	0	463	413	50.5596	45.0996	NA
118	0	184	0	464	413	50.6688	45.0996	NA
124	0	226	0	465	412	50.778	44.9904	NA
122	0	217	0	466	412	50.8872	44.9904	NA
126	0	0	0	467	411	50.9964	44.8812	NA
121	0	0	0	468	411	51.1056	44.8812	NA
121	0	0	0	469	410	51.2148	44.772	NA
0	0	0	0	470	410	51.324	44.772	NA
118	0	0	0	471	409	51.4332	44.6628	NA
120	0	0	0	472	409	51.5424	44.6628	NA
0	0	176	0	473	408	51.6516	44.5536	NA
123	0	219	0	474	408	51.7608	44.5536	NA
133	0	227	0	475	407	51.87	44.4444	NA
121	0	175	221	476	407	51.9792	44.4444	NA
128	155	198	674	477	406	52.0884	44.3352	NA
122	156	196	901	478	406	52.1976	44.3352	NA
124	160	222	1083	479	405	52.3068	44.226	NA
126	159	230	362	480	405	52.416	44.226	NA
124	0	195	0	481	404	52.5252	44.1168	NA
125	0	175	0	482	404	52.6344	44.1168	NA
132	0	179	0	483	403	52.7436	44.0076	NA
137	0	161	0	484	403	52.8528	44.0076	NA
122	165	0	0	485	402	52.962	43.8984	NA
123	0	0	0	486	402	53.0712	43.8984	NA
124	0	0	0	487	401	53.1804	43.7892	NA
122	0	0	0	488	401	53.2896	43.7892	NA
119	0	501	0	489	400	53.3988	43.68	NA
0	0	979	0	490	400	53.508	43.68	NA
124	0	1674	0	491	399	53.6172	43.5708	NA
137	0	2146	435	492	399	53.7264	43.5708	NA
121	215	4068	2221	493	398	53.8356	43.4616	NA
127	263	6745	10754	494	398	53.9448	43.4616	NA
138	361	13177	17786	495	397	54.054	43.3524	NA
131	244	9477	6479	496	396	54.1632	43.2432	NA
125	181	5214	2302	497	396	54.2724	43.2432	NA
124	165	2604	423	498	395	54.3816	43.134	NA
122	0	2078	280	499	395	54.4908	43.134	NA
122	0	1245	0	500	394	54.6	43.0248	NA
121	0	841	0	501	394	54.7092	43.0248	NA
118	0	402	0	502	393	54.8184	42.9156	NA
126	0	256	0	503	393	54.9276	42.9156	NA
121	0	372	0	504	392	55.0368	42.8064	NA
121	0	347	0	505	392	55.146	42.8064	NA
124	0	506	0	506	391	55.2552	42.6972	NA
135	0	453	0	507	391	55.3644	42.6972	NA
129	0	540	0	508	390	55.4736	42.588	NA
129	0	451	0	509	390	55.5828	42.588	NA
123	0	617	0	510	389	55.692	42.4788	NA
126	0	476	0	511	389	55.8012	42.4788	NA
0	0	485	200	512	388	55.9104	42.3696	NA
0	0	392	0	513	388	56.0196	42.3696	NA
127	0	370	0	514	387	56.1288	42.2604	NA
126	155	328	0	515	387	56.238	42.2604	NA
126	0	314	0	516	386	56.3472	42.1512	NA
124	0	347	0	517	386	56.4564	42.1512	NA
126	0	301	0	518	385	56.5656	42.042	NA
130	0	308	0	519	385	56.6748	42.042	NA
126	0	311	0	520	384	56.784	41.9328	NA
130	0	256	0	521	384	56.8932	41.9328	NA
125	0	187	0	522	383	57.0024	41.8236	NA
121	0	168	0	523	383	57.1116	41.8236	NA
129	0	0	0	524	382	57.2208	41.7144	NA
126	0	0	0	525	382	57.33	41.7144	NA
129	0	218	0	526	381	57.4392	41.6052	NA
126	0	267	0	527	380	57.5484	41.496	NA
123	158	269	0	528	380	57.6576	41.496	NA
125	172	676	0	529	379	57.7668	41.3868	NA
127	190	1794	0	530	379	57.876	41.3868	NA
127	0	637	0	531	378	57.9852	41.2776	NA
129	0	848	0	532	378	58.0944	41.2776	NA
123	0	1031	0	533	377	58.2036	41.1684	NA
125	0	889	194	534	377	58.3128	41.1684	NA
126	0	1019	0	535	376	58.422	41.0592	NA
126	0	929	0	536	376	58.5312	41.0592	NA
128	0	1987	0	537	375	58.6404	40.95	NA
124	0	947	0	538	375	58.7496	40.95	NA
127	0	464	0	539	374	58.8588	40.8408	NA
122	0	420	0	540	374	58.968	40.8408	NA
121	0	393	0	541	373	59.0772	40.7316	NA
119	0	464	0	542	373	59.1864	40.7316	NA
118	0	1392	0	543	372	59.2956	40.6224	NA
125	0	741	0	544	372	59.4048	40.6224	NA
131	0	516	0	545	371	59.514	40.5132	NA
121	0	387	0	546	371	59.6232	40.5132	NA
118	0	323	0	547	370	59.7324	40.404	NA
119	0	300	0	548	370	59.8416	40.404	NA
122	0	228	0	549	369	59.9508	40.2948	NA
124	0	249	0	550	369	60.06	40.2948	NA
126	0	211	0	551	368	60.1692	40.1856	NA
125	0	257	0	552	368	60.2784	40.1856	NA
130	0	343	0	553	367	60.3876	40.0764	"join"
125	0	451	0	554	366	60.4968	39.9672	NA
127	0	635	0	555	366	60.606	39.9672	NA
124	0	1091	0	556	365	60.7152	39.858	NA
129	0	1552	0	557	365	60.8244	39.858	NA
125	0	1610	290	558	364	60.9336	39.7488	NA
131	0	869	305	559	363	61.0428	39.6396	NA
126	0	500	0	560	363	61.152	39.6396	NA
125	0	397	0	561	362	61.2612	39.5304	NA
124	0	389	0	562	362	61.3704	39.5304	NA
124	0	353	0	563	361	61.4796	39.4212	NA
126	0	288	0	564	360	61.5888	39.312	NA
129	0	282	0	565	360	61.698	39.312	NA
123	0	425	0	566	359	61.8072	39.2028	NA
124	0	419	0	567	359	61.9164	39.2028	NA
126	0	908	0	568	358	62.0256	39.0936	NA
125	0	2213	0	569	357	62.1348	38.9844	NA
127	0	5774	0	570	357	62.244	38.9844	NA
123	0	2593	0	571	356	62.3532	38.8752	NA
122	0	1719	0	572	356	62.4624	38.8752	NA
126	155	1201	283	573	355	62.5716	38.766	NA
128	0	960	272	574	355	62.6808	38.766	NA
120	0	604	231	575	354	62.79	38.6568	NA
128	0	343	0	576	353	62.8992	38.5476	NA
123	0	312	0	577	353	63.0084	38.5476	NA
124	0	193	0	578	352	63.1176	38.4384	NA
128	0	169	0	579	352	63.2268	38.4384	NA
124	0	266	0	580	351	63.336	38.3292	NA
0	0	446	238	581	350	63.4452	38.22	NA
126	0	551	366	582	350	63.5544	38.22	NA
128	0	1174	283	583	349	63.6636	38.1108	NA
129	0	1965	268	584	349	63.7728	38.1108	NA
124	0	2680	0	585	348	63.882	38.0016	NA
123	0	2341	0	586	347	63.9912	37.8924	NA
122	0	1399	0	587	347	64.1004	37.8924	NA
130	181	1292	0	588	346	64.2096	37.7832	NA
131	255	1296	0	589	346	64.3188	37.7832	NA
125	261	918	0	590	345	64.428	37.674	NA
0	168	539	0	591	344	64.5372	37.5648	NA
0	0	527	0	592	344	64.6464	37.5648	NA
129	0	522	0	593	343	64.7556	37.4556	NA
122	0	756	0	594	343	64.8648	37.4556	NA
120	0	2000	0	595	342	64.974	37.3464	NA
0	0	2935	0	596	341	65.0832	37.2372	NA
121	0	3481	0	597	341	65.1924	37.2372	NA
123	0	4250	0	598	340	65.3016	37.128	NA
118	0	2776	0	599	340	65.4108	37.128	NA
0	0	2273	0	600	339	65.52	37.0188	NA
120	0	1619	0	601	338	65.6292	36.9096	NA
0	0	1175	241	602	338	65.7384	36.9096	NA
120	0	606	590	603	337	65.8476	36.8004	NA
122	0	572	503	604	337	65.9568	36.8004	NA
121	0	474	283	605	336	66.066	36.6912	NA
123	0	491	193	606	336	66.1752	36.6912	NA
121	0	442	329	607	335	66.2844	36.582	NA
118	0	519	441	608	334	66.3936	36.4728	NA
0	0	330	295	609	334	66.5028	36.4728	NA
120	0	202	264	610	333	66.612	36.3636	NA
121	0	247	0	611	333	66.7212	36.3636	NA
124	0	260	0	612	332	66.8304	36.2544	NA
119	172	261	0	613	331	66.9396	36.1452	NA
123	211	260	0	614	331	67.0488	36.1452	NA
125	241	213	0	615	330	67.158	36.036	NA
120	193	316	0	616	330	67.2672	36.036	NA
124	178	581	0	617	329	67.3764	35.9268	NA
126	181	825	0	618	328	67.4856	35.8176	NA
130	193	1181	259	619	328	67.5948	35.8176	NA
123	239	1407	486	620	327	67.704	35.7084	NA
130	301	3416	1477	621	327	67.8132	35.7084	NA
136	253	4808	1217	622	326	67.9224	35.5992	NA
134	184	6031	629	623	325	68.0316	35.49	NA
129	0	7205	591	624	325	68.1408	35.49	NA
119	0	5993	385	625	324	68.25	35.3808	NA
0	0	4152	329	626	324	68.3592	35.3808	NA
124	0	2225	228	627	323	68.4684	35.2716	NA
118	0	973	532	628	322	68.5776	35.1624	NA
123	0	967	493	629	322	68.6868	35.1624	NA
118	0	716	0	630	321	68.796	35.0532	NA
121	165	499	0	631	321	68.9052	35.0532	NA
119	0	272	0	632	320	69.0144	34.944	NA
119	0	302	259	633	319	69.1236	34.8348	NA
123	0	391	0	634	319	69.2328	34.8348	NA
126	0	347	0	635	318	69.342	34.7256	NA
127	0	389	0	636	318	69.4512	34.7256	NA
0	0	382	0	637	317	69.5604	34.6164	NA
0	0	286	0	638	316	69.6696	34.5072	NA
118	0	340	0	639	316	69.7788	34.5072	NA
123	0	1013	0	640	315	69.888	34.398	NA
118	0	909	253	641	315	69.9972	34.398	NA
119	0	544	570	642	314	70.1064	34.2888	NA
0	0	0	374	643	314	70.2156	34.2888	NA
121	0	157	242	644	313	70.3248	34.1796	NA
125	0	332	0	645	312	70.434	34.0704	NA
121	0	411	0	646	312	70.5432	34.0704	NA
126	0	1005	0	647	311	70.6524	33.9612	NA
131	0	3958	198	648	311	70.7616	33.9612	NA
123	0	13044	306	649	310	70.8708	33.852	NA
124	0	9008	209	650	309	70.98	33.7428	NA
136	0	2529	196	651	309	71.0892	33.7428	NA
125	0	856	0	652	308	71.1984	33.6336	NA
120	0	506	0	653	308	71.3076	33.6336	NA
119	0	364	0	654	307	71.4168	33.5244	NA
118	0	0	0	655	306	71.526	33.4152	NA
119	0	0	0	656	306	71.6352	33.4152	NA
124	0	0	0	657	305	71.7444	33.306	NA
133	0	0	0	658	305	71.8536	33.306	NA
122	0	175	0	659	304	71.9628	33.1968	NA
127	0	268	0	660	303	72.072	33.0876	NA
126	0	595	0	661	303	72.1812	33.0876	NA
127	0	1129	0	662	302	72.2904	32.9784	NA
120	0	411	0	663	302	72.3996	32.9784	NA
119	0	219	0	664	301	72.5088	32.8692	NA
126	0	219	0	665	300	72.618	32.76	NA
133	0	0	0	666	300	72.7272	32.76	NA
124	0	0	0	667	299	72.8364	32.6508	NA
130	0	259	0	668	299	72.9456	32.6508	NA
134	0	456	0	669	298	73.0548	32.5416	NA
126	0	336	0	670	297	73.164	32.4324	NA
118	0	536	0	671	297	73.2732	32.4324	NA
0	0	1058	0	672	296	73.3824	32.3232	NA
0	188	1477	270	673	296	73.4916	32.3232	NA
133	231	2181	1644	674	295	73.6008	32.214	NA
135	288	2014	6805	675	295	73.71	32.214	NA
131	307	931	9082	676	294	73.8192	32.1048	NA
124	163	1222	2476	677	293	73.9284	31.9956	NA
122	0	1729	940	678	293	74.0376	31.9956	NA
123	0	1019	236	679	292	74.1468	31.8864	NA
122	0	713	0	680	292	74.256	31.8864	NA
124	0	498	0	681	291	74.3652	31.7772	NA
125	0	368	0	682	290	74.4744	31.668	NA
126	0	274	0	683	290	74.5836	31.668	NA
129	0	0	0	684	289	74.6928	31.5588	NA
122	0	0	0	685	289	74.802	31.5588	NA
125	0	0	0	686	288	74.9112	31.4496	NA
127	0	237	0	687	287	75.0204	31.3404	NA
131	0	263	0	688	287	75.1296	31.3404	NA
123	0	172	256	689	286	75.2388	31.2312	NA
121	0	178	1051	690	286	75.348	31.2312	NA
121	0	226	697	691	285	75.4572	31.122	NA
NA	NA	NA	NA	NA	NA	NA	NA	NA
NA	NA	NA	NA	NA	NA	NA	NA	NA
NA	NA	NA	NA	NA	NA	NA	NA	NA
NA	NA	NA	NA	NA	NA	NA	NA	"gap"
NA	NA	NA	NA	NA	NA	NA	NA	NA
NA	NA	NA	NA	NA	NA	NA	NA	NA
NA	NA	NA	NA	NA	NA	NA	NA	NA
125	0	174	0	624	517	68.1408	56.4564	NA
126	0	338	228	625	516	68.25	56.3472	NA
124	0	439	344	625	515	68.25	56.238	NA
121	0	790	932	626	514	68.3592	56.1288	NA
130	168	1125	2675	626	513	68.3592	56.0196	NA
128	169	1610	8676	627	512	68.4684	55.9104	NA
134	0	885	6144	628	511	68.5776	55.8012	NA
121	0	566	2761	628	510	68.5776	55.692	NA
124	0	1076	353	629	509	68.6868	55.5828	NA
122	0	1061	233	629	508	68.6868	55.4736	NA
126	164	1030	0	630	507	68.796	55.3644	NA
122	158	5925	0	631	506	68.9052	55.2552	NA
126	0	8489	0	631	505	68.9052	55.146	NA
125	0	8554	0	632	504	69.0144	55.0368	NA
125	159	4221	222	632	503	69.0144	54.9276	NA
130	272	6015	589	633	502	69.1236	54.8184	NA
128	426	7522	2035	634	501	69.2328	54.7092	NA
124	560	10688	4982	634	500	69.2328	54.6	NA
127	638	11840	8301	635	499	69.342	54.4908	NA
126	548	15367	6565	635	498	69.342	54.3816	NA
124	306	18644	1993	636	497	69.4512	54.2724	NA
127	204	16978	453	637	496	69.5604	54.1632	NA
123	198	16166	277	637	495	69.5604	54.054	NA
123	0	5795	0	638	494	69.6696	53.9448	NA
125	0	4417	0	638	493	69.6696	53.8356	NA
118	0	2626	0	639	492	69.7788	53.7264	NA
124	0	2984	0	640	491	69.888	53.6172	NA
133	0	5666	0	640	490	69.888	53.508	NA
122	0	12904	0	641	489	69.9972	53.3988	NA
124	0	20464	0	641	488	69.9972	53.2896	NA
123	0	9517	0	642	487	70.1064	53.1804	NA
121	0	4566	0	642	486	70.1064	53.0712	NA
119	0	1886	0	643	485	70.2156	52.962	NA
121	0	1004	0	644	484	70.3248	52.8528	NA
122	0	1753	0	644	483	70.3248	52.7436	NA
125	189	3127	200	645	482	70.434	52.6344	NA
123	210	4393	347	645	481	70.434	52.5252	NA
122	249	15520	428	646	480	70.5432	52.416	NA
120	221	16147	478	647	479	70.6524	52.3068	NA
120	323	12514	310	647	478	70.6524	52.1976	NA
128	184	2494	0	648	477	70.7616	52.0884	NA
123	165	1811	0	648	476	70.7616	51.9792	NA
121	0	1190	0	649	475	70.8708	51.87	NA
125	0	613	0	650	474	70.98	51.7608	NA
121	0	390	0	650	473	70.98	51.6516	NA
123	0	0	0	651	472	71.0892	51.5424	NA
122	0	0	0	651	471	71.0892	51.4332	NA
123	0	256	0	652	470	71.1984	51.324	NA
121	160	257	0	653	469	71.3076	51.2148	NA
126	0	259	0	653	468	71.3076	51.1056	NA
128	174	309	0	654	467	71.4168	50.9964	NA
122	162	273	0	654	466	71.4168	50.8872	NA
124	162	243	0	655	465	71.526	50.778	NA
120	0	248	0	655	464	71.526	50.6688	"join"
121	0	274	0	656	464	71.6352	50.6688	NA
126	0	485	0	657	463	71.7444	50.5596	NA
118	0	669	0	658	462	71.8536	50.4504	NA
122	0	508	0	659	462	71.9628	50.4504	NA
122	0	692	0	660	461	72.072	50.3412	NA
120	0	415	0	661	460	72.1812	50.232	NA
118	0	391	0	662	460	72.2904	50.232	NA
0	193	448	0	663	459	72.3996	50.1228	NA
124	251	397	500	664	458	72.5088	50.0136	NA
124	190	461	442	665	458	72.618	50.0136	NA
121	0	428	331	666	457	72.7272	49.9044	NA
122	0	452	0	667	456	72.8364	49.7952	NA
128	0	853	0	668	456	72.9456	49.7952	NA
122	0	2255	0	669	455	73.0548	49.686	NA
120	0	2794	0	670	454	73.164	49.5768	NA
129	0	2297	0	671	454	73.2732	49.5768	NA
122	0	2710	0	672	453	73.3824	49.4676	NA
126	0	8756	0	673	452	73.4916	49.3584	NA
119	0	10601	342	674	452	73.6008	49.3584	NA
128	0	15100	260	675	451	73.71	49.2492	NA
125	0	16256	0	676	450	73.8192	49.14	NA
122	0	11110	0	677	450	73.9284	49.14	NA
121	0	5033	0	678	449	74.0376	49.0308	NA
120	0	4873	0	679	448	74.1468	48.9216	NA
121	0	8061	0	680	448	74.256	48.9216	NA
124	156	13756	0	681	447	74.3652	48.8124	NA
123	0	12345	0	682	446	74.4744	48.7032	NA
123	0	11997	0	683	446	74.5836	48.7032	NA
119	0	9613	0	684	445	74.6928	48.594	NA
129	0	2264	0	685	444	74.802	48.4848	NA
125	0	999	0	686	444	74.9112	48.4848	NA
121	163	548	0	687	443	75.0204	48.3756	NA
120	0	308	234	688	442	75.1296	48.2664	NA
121	0	213	494	689	442	75.2388	48.2664	NA
119	0	902	432	690	441	75.348	48.1572	NA
123	0	1372	0	691	440	75.4572	48.048	NA
123	0	1258	195	692	440	75.5664	48.048	NA
119	0	511	251	693	439	75.6756	47.9388	NA
123	0	487	0	694	438	75.7848	47.8296	NA
125	0	458	0	695	438	75.894	47.8296	NA
124	0	385	0	696	437	76.0032	47.7204	NA
127	0	280	0	697	436	76.1124	47.6112	NA
123	0	238	0	698	436	76.2216	47.6112	NA
125	0	159	0	699	435	76.3308	47.502	NA
133	0	0	220	700	434	76.44	47.3928	NA
125	0	0	0	701	434	76.5492	47.3928	NA
143	0	0	0	702	433	76.6584	47.2836	NA
129	0	0	0	703	432	76.7676	47.1744	NA
128	0	0	0	704	432	76.8768	47.1744	NA
122	0	0	207	705	431	76.986	47.0652	NA
122	174	0	280	706	430	77.0952	46.956	NA
123	221	192	235	707	430	77.2044	46.956	NA
123	253	399	235	708	429	77.3136	46.8468	NA
129	248	1287	0	709	428	77.4228	46.7376	NA
119	219	4147	0	710	428	77.532	46.7376	NA
124	0	10754	0	711	427	77.6412	46.6284	NA
124	0	3947	0	712	426	77.7504	46.5192	NA
130	0	2956	0	713	426	77.8596	46.5192	NA
123	0	1068	0	714	425	77.9688	46.41	NA
129	0	764	244	715	424	78.078	46.3008	NA
126	0	594	0	716	424	78.1872	46.3008	NA
129	0	287	0	717	423	78.2964	46.1916	NA
123	0	173	0	718	422	78.4056	46.0824	NA
0	170	168	0	719	422	78.5148	46.0824	NA
126	224	178	0	720	421	78.624	45.9732	NA
128	243	204	0	721	420	78.7332	45.864	NA
123	280	225	0	722	420	78.8424	45.864	NA
119	202	354	0	723	419	78.9516	45.7548	NA
120	157	725	0	724	418	79.0608	45.6456	NA
123	0	1181	0	725	418	79.17	45.6456	NA
0	0	2608	0	726	417	79.2792	45.5364	NA
125	0	2603	688	727	416	79.3884	45.4272	NA
123	0	2337	1623	728	416	79.4976	45.4272	NA
120	0	1428	3113	729	415	79.6068	45.318	NA
124	0	830	1214	730	414	79.716	45.2088	NA
125	0	681	348	731	414	79.8252	45.2088	NA
123	0	428	0	732	413	79.9344	45.0996	NA
120	0	194	0	733	412	80.0436	44.9904	NA
137	0	0	0	734	412	80.1528	44.9904	NA
125	0	0	0	735	411	80.262	44.8812	NA
125	0	0	0	736	410	80.3712	44.772	NA
122	0	161	0	737	410	80.4804	44.772	NA
124	0	202	0	738	409	80.5896	44.6628	NA
127	0	199	393	739	408	80.6988	44.5536	NA
124	0	220	1237	740	408	80.808	44.5536	NA
132	0	202	846	741	407	80.9172	44.4444	NA
126	0	235	213	742	406	81.0264	44.3352	NA
121	0	296	204	743	406	81.1356	44.3352	NA
119	0	269	0	744	405	81.2448	44.226	NA
132	0	544	0	745	404	81.354	44.1168	NA
123	0	436	0	746	404	81.4632	44.1168	NA
120	0	286	0	747	403	81.5724	44.0076	NA
124	0	340	0	748	402	81.6816	43.8984	NA
124	0	403	0	749	402	81.7908	43.8984	NA
120	0	412	0	750	401	81.9	43.7892	NA
120	0	317	0	751	400	82.0092	43.68	NA
0	0	426	0	752	400	82.1184	43.68	NA
0	0	495	0	753	399	82.2276	43.5708	NA
124	0	505	0	754	398	82.3368	43.4616	NA
126	0	535	609	755	398	82.446	43.4616	NA
119	0	277	325	756	397	82.5552	43.3524	NA
0	0	313	0	757	396	82.6644	43.2432	NA
0	0	593	0	758	396	82.7736	43.2432	NA
0	0	715	0	759	395	82.8828	43.134	NA
0	160	1857	270	760	394	82.992	43.0248	NA
122	158	3927	452	761	394	83.1012	43.0248	NA
119	0	5339	600	762	393	83.2104	42.9156	NA
0	0	1559	230	763	392	83.3196	42.8064	NA
119	0	784	0	764	392	83.4288	42.8064	NA
118	0	828	0	765	391	83.538	42.6972	NA
123	0	532	0	766	390	83.6472	42.588	NA
127	0	253	0	767	390	83.7564	42.588	NA
123	0	0	0	768	389	83.8656	42.4788	NA
0	0	0	0	769	388	83.9748	42.3696	NA
119	0	194	0	770	388	84.084	42.3696	NA
120	0	167	350	771	387	84.1932	42.2604	NA
128	0	197	352	772	386	84.3024	42.1512	NA
124	0	337	291	773	386	84.4116	42.1512	NA
121	0	343	0	774	385	84.5208	42.042	NA
122	0	306	0	775	384	84.63	41.9328	NA
124	0	377	0	776	384	84.7392	41.9328	NA
119	0	459	0	777	383	84.8484	41.8236	NA
130	0	991	0	778	382	84.9576	41.7144	NA
121	0	786	0	779	382	85.0668	41.7144	NA
121	0	641	0	780	381	85.176	41.6052	NA
120	0	666	0	781	380	85.2852	41.496	NA
124	0	843	0	782	380	85.3944	41.496	NA
119	0	1480	0	783	379	85.5036	41.3868	NA
126	0	2546	0	784	378	85.6128	41.2776	NA
123	157	5629	332	785	378	85.722	41.2776	NA
122	173	4858	598	786	377	85.8312	41.1684	NA
126	204	4859	645	787	376	85.9404	41.0592	NA
123	178	9390	994	788	376	86.0496	41.0592	NA
127	0	2360	499	789	375	86.1588	40.95	NA
123	0	1182	221	790	374	86.268	40.8408	NA
122	0	1610	0	791	374	86.3772	40.8408	NA
120	0	2214	0	792	373	86.4864	40.7316	NA
124	0	3959	0	793	372	86.5956	40.6224	NA
128	0	5594	0	794	372	86.7048	40.6224	NA
123	164	10666	224	795	371	86.814	40.5132	NA
125	185	9542	274	796	370	86.9232	40.404	NA
128	215	5406	721	797	370	87.0324	40.404	NA
129	157	1553	243	798	369	87.1416	40.2948	NA
125	0	748	0	799	368	87.2508	40.1856	NA
124	0	384	0	800	368	87.36	40.1856	NA
125	0	185	0	801	367	87.4692	40.0764	NA
123	0	165	0	802	366	87.5784	39.9672	NA
121	0	182	0	803	366	87.6876	39.9672	NA
121	0	697	0	804	365	87.7968	39.858	NA
131	0	1662	0	805	364	87.906	39.7488	NA
131	0	2960	0	806	364	88.0152	39.7488	NA
120	179	2842	0	807	363	88.1244	39.6396	NA
121	185	2314	0	808	362	88.2336	39.5304	NA
123	219	2624	0	809	362	88.3428	39.5304	NA
121	180	1340	0	810	361	88.452	39.4212	NA
124	184	1258	0	811	360	88.5612	39.312	NA
124	230	1382	0	812	360	88.6704	39.312	NA
126	210	938	232	813	359	88.7796	39.2028	NA
128	169	1482	206	814	358	88.8888	39.0936	NA
122	177	1974	203	815	358	88.998	39.0936	NA
130	155	706	0	816	357	89.1072	38.9844	NA
125	0	522	0	817	356	89.2164	38.8752	NA
124	0	475	0	818	356	89.3256	38.8752	NA
122	0	467	240	819	355	89.4348	38.766	NA
125	0	627	671	820	354	89.544	38.6568	NA
126	0	758	562	821	354	89.6532	38.6568	NA
124	0	1179	354	822	353	89.7624	38.5476	NA
120	0	1148	0	823	352	89.8716	38.4384	NA
0	0	1120	0	824	352	89.9808	38.4384	NA
119	0	1955	0	825	351	90.09	38.3292	NA
119	0	1716	0	826	350	90.1992	38.22	NA
120	0	1555	0	827	350	90.3084	38.22	NA
122	0	428	0	828	349	90.4176	38.1108	NA
121	0	309	0	829	348	90.5268	38.0016	NA
0	0	0	0	830	348	90.636	38.0016	NA
0	0	172	0	831	347	90.7452	37.8924	NA
NA	NA	NA	NA	NA	NA	NA	NA	NA
NA	NA	NA	NA	NA	NA	NA	NA	NA
NA	NA	NA	NA	NA	NA	NA	NA	"gap"
NA	NA	NA	NA	NA	NA	NA	NA	NA
NA	NA	NA	NA	NA	NA	NA	NA	NA
NA	NA	NA	NA	NA	NA	NA	NA	NA
NA	NA	NA	NA	NA	NA	NA	NA	NA
127	0	409	435	751	594	82.0092	64.8648	NA
127	0	443	699	752	594	82.1184	64.8648	NA
122	0	408	617	753	594	82.2276	64.8648	NA
124	0	433	273	754	594	82.3368	64.8648	NA
122	0	347	0	755	594	82.446	64.8648	NA
123	0	236	0	756	594	82.5552	64.8648	NA
123	0	196	0	757	594	82.6644	64.8648	NA
125	0	183	194	758	594	82.7736	64.8648	NA
127	0	197	0	759	594	82.8828	64.8648	NA
129	0	215	0	760	594	82.992	64.8648	NA
128	0	206	0	761	594	83.1012	64.8648	NA
124	0	218	0	762	594	83.2104	64.8648	NA
120	0	313	0	763	594	83.3196	64.8648	NA
127	0	468	0	764	594	83.4288	64.8648	NA
126	0	829	0	765	594	83.538	64.8648	NA
123	0	1435	0	766	594	83.6472	64.8648	NA
127	155	2069	0	767	594	83.7564	64.8648	NA
119	157	2317	0	768	594	83.8656	64.8648	NA
119	208	2010	0	769	594	83.9748	64.8648	NA
121	219	3501	0	770	594	84.084	64.8648	NA
120	187	9258	0	771	594	84.1932	64.8648	NA
122	0	11670	0	772	594	84.3024	64.8648	NA
118	0	6926	0	773	594	84.4116	64.8648	NA
120	0	1732	0	774	594	84.5208	64.8648	NA
127	0	647	0	775	594	84.63	64.8648	NA
122	0	418	0	776	594	84.7392	64.8648	NA
0	0	258	0	777	594	84.8484	64.8648	NA
0	166	198	0	778	594	84.9576	64.8648	NA
126	200	281	0	779	594	85.0668	64.8648	NA
121	226	674	0	780	594	85.176	64.8648	NA
123	190	1835	0	781	594	85.2852	64.8648	NA
126	0	2900	232	782	594	85.3944	64.8648	NA
125	0	2773	263	783	594	85.5036	64.8648	NA
127	0	1408	221	784	594	85.6128	64.8648	NA
128	0	531	0	785	594	85.722	64.8648	NA
125	0	194	306	786	594	85.8312	64.8648	NA
124	0	0	674	787	594	85.9404	64.8648	NA
0	0	0	869	788	594	86.0496	64.8648	NA
123	0	0	625	789	594	86.1588	64.8648	NA
122	0	0	359	790	594	86.268	64.8648	NA
120	161	0	0	791	594	86.3772	64.8648	NA
122	0	160	0	792	594	86.4864	64.8648	NA
128	0	244	0	793	594	86.5956	64.8648	NA
131	0	382	0	794	594	86.7048	64.8648	NA
123	0	588	0	795	594	86.814	64.8648	NA
125	0	740	0	796	594	86.9232	64.8648	NA
125	0	922	0	797	594	87.0324	64.8648	NA
121	0	1669	359	798	594	87.1416	64.8648	NA
124	182	3366	414	799	594	87.2508	64.8648	NA
126	243	6783	322	800	594	87.36	64.8648	NA
137	268	8157	383	801	594	87.4692	64.8648	NA
126	294	6506	790	802	594	87.5784	64.8648	NA
123	326	5232	1157	803	594	87.6876	64.8648	NA
118	255	3905	926	804	594	87.7968	64.8648	NA
0	179	2227	365	805	594	87.906	64.8648	NA
120	171	1305	239	806	594	88.0152	64.8648	NA
121	184	855	0	807	594	88.1244	64.8648	NA
122	194	571	0	808	594	88.2336	64.8648	NA
0	241	366	0	809	594	88.3428	64.8648	NA
122	244	405	0	810	594	88.452	64.8648	NA
121	173	485	0	811	594	88.5612	64.8648	NA
125	0	376	0	812	594	88.6704	64.8648	NA
119	0	278	0	813	594	88.7796	64.8648	NA
0	0	225	0	814	594	88.8888	64.8648	NA
119	0	223	0	815	594	88.998	64.8648	NA
123	0	244	0	816	594	89.1072	64.8648	NA
127	181	270	0	817	594	89.2164	64.8648	NA
127	286	280	0	818	594	89.3256	64.8648	NA
126	494	412	0	819	594	89.4348	64.8648	NA
135	571	323	0	820	594	89.544	64.8648	NA
145	700	167	0	821	594	89.6532	64.8648	NA
136	695	175	0	822	594	89.7624	64.8648	NA
134	457	183	0	823	594	89.8716	64.8648	NA
141	248	383	0	824	594	89.9808	64.8648	NA
127	161	577	0	825	594	90.09	64.8648	NA
120	0	589	0	826	594	90.1992	64.8648	NA
126	0	324	0	827	594	90.3084	64.8648	NA
129	0	291	0	828	594	90.4176	64.8648	NA
129	0	244	194	829	593	90.5268	64.7556	NA
133	0	161	258	830	593	90.636	64.7556	NA
135	0	0	248	831	593	90.7452	64.7556	NA
129	0	0	0	832	593	90.8544	64.7556	NA
129	164	0	0	833	593	90.9636	64.7556	NA
133	184	0	0	834	593	91.0728	64.7556	NA
132	233	0	0	835	593	91.182	64.7556	NA
126	275	0	272	836	593	91.2912	64.7556	NA
125	349	158	281	837	593	91.4004	64.7556	NA
125	721	254	212	838	593	91.5096	64.7556	NA
128	802	495	0	839	593	91.6188	64.7556	NA
131	483	492	0	840	593	91.728	64.7556	NA
124	188	334	0	841	593	91.8372	64.7556	NA
122	0	282	0	842	593	91.9464	64.7556	NA
121	0	256	0	843	593	92.0556	64.7556	NA
123	0	523	0	844	593	92.1648	64.7556	NA
127	0	865	0	845	593	92.274	64.7556	NA
121	0	714	0	846	593	92.3832	64.7556	NA
123	0	380	0	847	593	92.4924	64.7556	NA
128	0	159	0	848	593	92.6016	64.7556	NA
130	0	0	0	849	593	92.7108	64.7556	NA
120	0	0	0	850	593	92.82	64.7556	NA
120	0	0	0	851	593	92.9292	64.7556	NA
127	0	0	0	852	593	93.0384	64.7556	NA
129	0	239	0	853	593	93.1476	64.7556	NA
125	0	376	0	854	593	93.2568	64.7556	NA
123	0	656	0	855	593	93.366	64.7556	NA
0	0	1013	0	856	593	93.4752	64.7556	NA
0	243	1591	406	857	593	93.5844	64.7556	NA
126	341	2250	1173	858	593	93.6936	64.7556	NA
144	434	3505	2154	859	593	93.8028	64.7556	NA
163	635	6982	2086	860	593	93.912	64.7556	NA
171	895	9256	1101	861	593	94.0212	64.7556	NA
164	948	9126	592	862	593	94.1304	64.7556	NA
160	954	7032	1196	863	593	94.2396	64.7556	NA
150	865	5450	2479	864	593	94.3488	64.7556	NA
132	737	4335	3396	865	593	94.458	64.7556	NA
126	505	3966	3552	866	593	94.5672	64.7556	NA
123	304	4268	2961	867	593	94.6764	64.7556	NA
120	187	3223	1933	868	593	94.7856	64.7556	NA
122	0	1427	776	869	593	94.8948	64.7556	NA
120	0	606	0	870	593	95.004	64.7556	NA
122	0	302	0	871	593	95.1132	64.7556	NA
121	0	0	0	872	593	95.2224	64.7556	NA
122	0	0	0	873	593	95.3316	64.7556	NA
132	0	0	0	874	593	95.4408	64.7556	NA
127	0	257	0	875	593	95.55	64.7556	NA
119	0	746	0	876	593	95.6592	64.7556	NA
126	0	1220	0	877	593	95.7684	64.7556	NA
131	0	1033	0	878	593	95.8776	64.7556	NA
124	0	718	0	879	593	95.9868	64.7556	NA
122	0	620	324	880	593	96.096	64.7556	NA
118	0	534	1012	881	593	96.2052	64.7556	NA
121	0	542	1397	882	593	96.3144	64.7556	NA
128	0	550	860	883	593	96.4236	64.7556	NA
123	0	367	320	884	593	96.5328	64.7556	NA
125	0	224	0	885	593	96.642	64.7556	NA
121	0	165	0	886	593	96.7512	64.7556	NA
125	0	0	0	887	593	96.8604	64.7556	NA
127	0	186	0	888	593	96.9696	64.7556	NA
126	0	245	0	889	593	97.0788	64.7556	NA
124	0	279	0	890	593	97.188	64.7556	NA
124	0	324	0	891	593	97.2972	64.7556	NA
129	0	358	0	892	593	97.4064	64.7556	NA
122	0	278	0	893	593	97.5156	64.7556	NA
122	0	753	0	894	593	97.6248	64.7556	NA
123	0	951	0	895	593	97.734	64.7556	NA
122	0	538	0	896	593	97.8432	64.7556	NA
124	0	475	0	897	593	97.9524	64.7556	NA
126	0	569	0	898	593	98.0616	64.7556	NA
123	0	472	0	899	593	98.1708	64.7556	NA
126	0	278	0	900	593	98.28	64.7556	NA
121	0	0	0	901	593	98.3892	64.7556	NA
122	0	0	0	902	593	98.4984	64.7556	NA
124	0	0	0	903	593	98.6076	64.7556	NA
122	0	0	0	904	593	98.7168	64.7556	NA
121	0	0	0	905	593	98.826	64.7556	NA
123	0	0	0	906	593	98.9352	64.7556	NA
NA	NA	NA	NA	NA	NA	NA	NA	NA
NA	NA	NA	NA	NA	NA	NA	NA	NA
NA	NA	NA	NA	NA	NA	NA	NA	NA
NA	NA	NA	NA	NA	NA	NA	NA	"gap"
NA	NA	NA	NA	NA	NA	NA	NA	NA
NA	NA	NA	NA	NA	NA	NA	NA	NA
NA	NA	NA	NA	NA	NA	NA	NA	NA
0	0	508	0	818	590	89.3256	64.428	NA
124	0	802	0	818	589	89.3256	64.3188	NA
123	0	1355	0	818	588	89.3256	64.2096	NA
123	0	1377	211	817	587	89.2164	64.1004	NA
121	155	1374	301	817	586	89.2164	63.9912	NA
124	198	777	378	817	585	89.2164	63.882	NA
120	290	481	307	817	584	89.2164	63.7728	NA
119	295	195	0	817	583	89.2164	63.6636	NA
127	237	0	0	816	582	89.1072	63.5544	NA
125	184	0	0	816	581	89.1072	63.4452	NA
128	156	297	0	816	580	89.1072	63.336	NA
125	160	552	0	816	579	89.1072	63.2268	NA
123	183	619	0	816	578	89.1072	63.1176	NA
127	178	455	0	815	577	88.998	63.0084	NA
125	175	561	0	815	576	88.998	62.8992	NA
122	155	1237	0	815	575	88.998	62.79	NA
120	0	1422	0	815	574	88.998	62.6808	NA
124	157	1171	290	815	573	88.998	62.5716	NA
125	0	1242	698	815	572	88.998	62.4624	NA
120	156	2002	1062	814	571	88.8888	62.3532	NA
121	171	1675	924	814	570	88.8888	62.244	NA
126	176	1871	396	814	569	88.8888	62.1348	NA
125	0	1221	0	814	568	88.8888	62.0256	NA
130	0	943	0	814	567	88.8888	61.9164	NA
131	0	1365	0	813	566	88.7796	61.8072	NA
125	0	1099	0	813	565	88.7796	61.698	NA
122	0	1255	0	813	564	88.7796	61.5888	NA
121	155	1286	0	813	563	88.7796	61.4796	NA
0	157	667	0	813	562	88.7796	61.3704	NA
122	183	834	0	812	561	88.6704	61.2612	NA
128	159	704	0	812	560	88.6704	61.152	NA
120	0	596	0	812	559	88.6704	61.0428	NA
0	0	622	0	812	558	88.6704	60.9336	NA
121	0	668	0	812	557	88.6704	60.8244	NA
129	0	1368	0	811	556	88.5612	60.7152	NA
121	0	1373	0	811	555	88.5612	60.606	NA
119	163	1007	0	811	554	88.5612	60.4968	NA
124	156	1030	0	811	553	88.5612	60.3876	NA
127	0	806	0	811	552	88.5612	60.2784	NA
131	0	3345	0	810	551	88.452	60.1692	NA
124	158	2231	0	810	550	88.452	60.06	NA
123	181	927	0	810	549	88.452	59.9508	NA
124	166	657	0	810	548	88.452	59.8416	NA
128	0	359	0	810	547	88.452	59.7324	NA
125	0	200	0	810	546	88.452	59.6232	NA
127	0	207	0	809	545	88.3428	59.514	NA
122	0	206	0	809	544	88.3428	59.4048	NA
122	0	0	0	809	543	88.3428	59.2956	NA
125	0	0	0	809	542	88.3428	59.1864	NA
123	0	0	0	809	541	88.3428	59.0772	NA
126	0	0	0	808	540	88.2336	58.968	NA
120	0	0	0	808	539	88.2336	58.8588	NA
124	0	242	0	808	538	88.2336	58.7496	NA
133	0	348	0	808	537	88.2336	58.6404	NA
129	0	418	0	808	536	88.2336	58.5312	NA
127	0	1750	0	807	535	88.1244	58.422	NA
125	0	2411	0	807	534	88.1244	58.3128	NA
124	0	4054	0	807	533	88.1244	58.2036	NA
121	0	5163	0	807	532	88.1244	58.0944	NA
122	0	2342	0	807	531	88.1244	57.9852	NA
122	0	1925	0	806	530	88.0152	57.876	NA
119	0	1065	0	806	529	88.0152	57.7668	NA
121	0	573	0	806	528	88.0152	57.6576	NA
123	0	483	0	806	527	88.0152	57.5484	NA
122	0	244	0	806	526	88.0152	57.4392	NA
123	0	0	0	805	525	87.906	57.33	NA
135	0	0	0	805	524	87.906	57.2208	NA
127	0	243	0	805	523	87.906	57.1116	NA
130	0	707	0	805	522	87.906	57.0024	NA
123	0	1445	0	805	521	87.906	56.8932	NA
121	0	1874	0	805	520	87.906	56.784	NA
122	170	2169	223	804	519	87.7968	56.6748	NA
126	210	3161	386	804	518	87.7968	56.5656	NA
126	253	4603	942	804	517	87.7968	56.4564	NA
129	346	9314	1101	804	516	87.7968	56.3472	NA
134	337	10454	608	804	515	87.7968	56.238	NA
138	323	3244	304	803	514	87.6876	56.1288	NA
136	249	2705	376	803	513	87.6876	56.0196	NA
128	191	1529	765	803	512	87.6876	55.9104	NA
125	168	1018	1702	803	511	87.6876	55.8012	NA
121	0	643	1728	803	510	87.6876	55.692	NA
125	0	307	1019	802	509	87.5784	55.5828	NA
130	0	186	260	802	508	87.5784	55.4736	NA
131	0	0	0	802	507	87.5784	55.3644	NA
121	0	210	0	802	506	87.5784	55.2552	"join"
121	0	361	0	802	505	87.5784	55.146	NA
127	0	490	0	802	504	87.5784	55.0368	NA
132	0	1084	0	802	503	87.5784	54.9276	NA
131	0	1400	0	802	502	87.5784	54.8184	NA
122	0	697	0	802	501	87.5784	54.7092	NA
120	0	248	0	802	500	87.5784	54.6	NA
124	0	174	297	801	499	87.4692	54.4908	NA
123	0	173	294	801	498	87.4692	54.3816	NA
121	0	175	0	801	497	87.4692	54.2724	NA
122	0	250	0	801	496	87.4692	54.1632	NA
123	0	423	0	801	495	87.4692	54.054	NA
126	0	537	0	801	494	87.4692	53.9448	NA
125	0	734	0	801	493	87.4692	53.8356	NA
122	160	918	0	801	492	87.4692	53.7264	NA
118	0	884	0	801	491	87.4692	53.6172	NA
0	0	785	0	801	490	87.4692	53.508	NA
0	0	840	0	801	489	87.4692	53.3988	NA
118	0	1469	0	801	488	87.4692	53.2896	NA
126	0	1743	0	801	487	87.4692	53.1804	NA
123	0	954	0	801	486	87.4692	53.0712	NA
126	0	535	0	801	485	87.4692	52.962	NA
122	0	396	0	800	484	87.36	52.8528	NA
123	0	285	0	800	483	87.36	52.7436	NA
127	0	203	0	800	482	87.36	52.6344	NA
125	0	0	0	800	481	87.36	52.5252	NA
122	0	172	0	800	480	87.36	52.416	NA
121	0	187	0	800	479	87.36	52.3068	NA
132	182	154	0	800	478	87.36	52.1976	NA
126	222	170	0	800	477	87.36	52.0884	NA
124	217	0	0	800	476	87.36	51.9792	NA
124	157	0	0	800	475	87.36	51.87	NA
120	0	0	0	800	474	87.36	51.7608	NA
0	0	202	0	800	473	87.36	51.6516	NA
119	0	172	0	800	472	87.36	51.5424	NA
120	0	567	0	800	471	87.36	51.4332	NA
128	0	1245	0	800	470	87.36	51.324	NA
122	0	1812	0	799	469	87.2508	51.2148	NA
126	229	1968	0	799	468	87.2508	51.1056	NA
131	318	2378	0	799	467	87.2508	50.9964	NA
126	338	2762	0	799	466	87.2508	50.8872	NA
125	506	3217	0	799	465	87.2508	50.778	NA
135	686	3800	0	799	464	87.2508	50.6688	NA
135	716	3219	0	799	463	87.2508	50.5596	NA
125	568	2290	268	799	462	87.2508	50.4504	NA
122	318	1334	616	799	461	87.2508	50.3412	NA
119	229	921	635	799	460	87.2508	50.232	NA
118	173	666	259	799	459	87.2508	50.1228	NA
0	161	431	0	799	458	87.2508	50.0136	NA
118	0	260	0	799	457	87.2508	49.9044	NA
123	0	0	0	799	456	87.2508	49.7952	NA
0	0	0	352	799	455	87.2508	49.686	NA
120	0	0	0	798	454	87.1416	49.5768	NA
124	169	357	0	798	453	87.1416	49.4676	NA
133	0	862	0	798	452	87.1416	49.3584	NA
125	0	1498	0	798	451	87.1416	49.2492	NA
120	0	1730	0	798	450	87.1416	49.14	NA
122	156	2095	274	798	449	87.1416	49.0308	NA
125	175	2794	638	798	448	87.1416	48.9216	NA
130	218	4667	890	798	447	87.1416	48.8124	NA
135	309	8075	1029	798	446	87.1416	48.7032	NA
131	318	8047	1305	798	445	87.1416	48.594	NA
125	326	5627	1253	798	444	87.1416	48.4848	NA
133	352	4127	661	798	443	87.1416	48.3756	NA
128	502	2974	203	798	442	87.1416	48.2664	NA
134	414	2673	0	798	441	87.1416	48.1572	NA
148	355	2557	0	798	440	87.1416	48.048	NA
135	254	1315	0	797	439	87.0324	47.9388	NA
126	209	1179	0	797	438	87.0324	47.8296	NA
134	0	1028	0	797	437	87.0324	47.7204	NA
123	0	791	0	797	436	87.0324	47.6112	NA
124	0	582	0	797	435	87.0324	47.502	NA
120	0	403	0	797	434	87.0324	47.3928	"join"
124	0	1472	0	798	433	87.1416	47.2836	NA
118	0	2087	0	798	432	87.1416	47.1744	NA
123	0	994	0	798	431	87.1416	47.0652	NA
124	0	0	0	799	430	87.2508	46.956	NA
126	0	288	0	799	429	87.2508	46.8468	NA
120	0	399	0	800	428	87.36	46.7376	NA
123	0	715	0	800	427	87.36	46.6284	NA
122	0	895	0	800	426	87.36	46.5192	NA
120	0	544	0	801	425	87.4692	46.41	NA
123	170	684	0	801	424	87.4692	46.3008	NA
123	232	834	0	801	423	87.4692	46.1916	NA
122	0	531	0	802	422	87.5784	46.0824	NA
128	231	443	0	802	421	87.5784	45.9732	NA
123	0	221	0	803	420	87.6876	45.864	NA
127	0	0	0	803	419	87.6876	45.7548	NA
122	0	0	0	803	418	87.6876	45.6456	NA
118	0	0	269	804	417	87.7968	45.5364	NA
124	0	0	395	804	416	87.7968	45.4272	NA
121	0	0	915	804	415	87.7968	45.318	NA
125	165	0	1486	805	414	87.906	45.2088	NA
133	177	178	1515	805	413	87.906	45.0996	NA
138	187	242	892	805	412	87.906	44.9904	NA
127	214	554	546	806	411	88.0152	44.8812	NA
121	181	560	219	806	410	88.0152	44.772	NA
120	0	1097	195	807	409	88.1244	44.6628	NA
121	0	1560	0	807	408	88.1244	44.5536	NA
124	0	1848	0	807	407	88.1244	44.4444	NA
123	0	4170	0	808	406	88.2336	44.3352	NA
118	0	8150	209	808	405	88.2336	44.226	NA
126	0	11219	232	808	404	88.2336	44.1168	NA
121	0	8566	200	809	403	88.3428	44.0076	NA
126	0	3172	0	809	402	88.3428	43.8984	NA
131	0	783	0	810	401	88.452	43.7892	NA
126	0	828	0	810	400	88.452	43.68	NA
126	0	917	0	810	399	88.452	43.5708	NA
122	156	1019	0	811	398	88.5612	43.4616	NA
121	172	1122	0	811	397	88.5612	43.3524	NA
119	192	1494	0	811	396	88.5612	43.2432	NA
125	301	6835	0	812	395	88.6704	43.134	NA
123	246	4940	0	812	394	88.6704	43.0248	NA
124	169	3692	0	812	393	88.6704	42.9156	NA
127	0	3945	0	813	392	88.7796	42.8064	NA
119	0	2283	0	813	391	88.7796	42.6972	NA
126	0	1594	0	814	390	88.8888	42.588	NA
119	0	991	0	814	389	88.8888	42.4788	NA
0	0	577	0	814	388	88.8888	42.3696	NA
0	176	500	300	815	387	88.998	42.2604	NA
119	197	340	260	815	386	88.998	42.1512	NA
128	235	302	0	815	385	88.998	42.042	NA
126	193	290	0	816	384	89.1072	41.9328	NA
132	172	330	0	816	383	89.1072	41.8236	NA
126	163	357	0	816	382	89.1072	41.7144	NA
122	0	317	0	817	381	89.2164	41.6052	NA
124	0	369	0	817	380	89.2164	41.496	NA
119	0	454	0	818	379	89.3256	41.3868	NA
119	0	404	0	818	378	89.3256	41.2776	NA
120	0	329	0	818	377	89.3256	41.1684	NA
121	0	902	0	819	376	89.4348	41.0592	NA
122	0	1409	0	819	375	89.4348	40.95	NA
122	0	917	0	819	374	89.4348	40.8408	NA
127	0	650	0	820	373	89.544	40.7316	NA
128	0	330	0	820	372	89.544	40.6224	NA
128	0	341	0	821	371	89.6532	40.5132	NA
127	0	418	0	821	370	89.6532	40.404	NA
121	0	411	0	821	369	89.6532	40.2948	NA
124	0	322	0	822	368	89.7624	40.1856	NA
123	0	453	0	822	367	89.7624	40.0764	NA
NA	NA	NA	NA	NA	NA	NA	NA	NA
NA	NA	NA	NA	NA	NA	NA	NA	NA
NA	NA	NA	NA	NA	NA	NA	NA	"gap"
NA	NA	NA	NA	NA	NA	NA	NA	NA
NA	NA	NA	NA	NA	NA	NA	NA	NA
NA	NA	NA	NA	NA	NA	NA	NA	NA
NA	NA	NA	NA	NA	NA	NA	NA	NA
121	0	311	0	831	667	90.7452	72.8364	NA
125	0	543	0	832	666	90.8544	72.7272	NA
124	0	1396	0	833	665	90.9636	72.618	NA
124	0	4516	0	834	664	91.0728	72.5088	NA
132	0	10284	0	835	663	91.182	72.3996	NA
128	0	7012	0	835	662	91.182	72.2904	NA
129	163	6793	0	836	661	91.2912	72.1812	NA
124	165	3875	237	837	660	91.4004	72.072	NA
126	0	1708	375	838	659	91.5096	71.9628	NA
124	0	579	274	839	658	91.6188	71.8536	NA
123	167	221	0	840	657	91.728	71.7444	NA
124	175	0	0	841	656	91.8372	71.6352	NA
123	0	0	0	842	655	91.9464	71.526	NA
122	0	0	244	843	654	92.0556	71.4168	NA
122	0	0	231	843	653	92.0556	71.3076	NA
121	0	0	281	844	652	92.1648	71.1984	NA
135	0	0	0	845	651	92.274	71.0892	NA
121	0	433	0	846	650	92.3832	70.98	NA
129	0	1259	0	847	649	92.4924	70.8708	NA
132	178	3608	424	848	648	92.6016	70.7616	NA
148	237	5675	463	849	647	92.7108	70.6524	NA
154	270	4639	510	850	646	92.82	70.5432	NA
134	180	2959	375	851	645	92.9292	70.434	NA
121	162	3537	502	851	644	92.9292	70.3248	NA
119	0	3409	0	852	643	93.0384	70.2156	NA
125	157	4653	0	853	642	93.1476	70.1064	NA
121	215	5660	0	854	641	93.2568	69.9972	NA
0	310	3450	0	855	640	93.366	69.888	NA
124	317	2577	0	856	639	93.4752	69.7788	NA
125	164	1791	0	857	638	93.5844	69.6696	NA
123	0	1975	0	858	637	93.6936	69.5604	NA
135	0	1990	392	859	636	93.8028	69.4512	NA
122	175	2044	507	859	635	93.8028	69.342	NA
120	191	2858	848	860	634	93.912	69.2328	NA
123	217	4250	564	861	633	94.0212	69.1236	NA
123	161	1238	214	862	632	94.1304	69.0144	NA
122	163	563	0	863	631	94.2396	68.9052	NA
134	0	428	0	864	630	94.3488	68.796	NA
131	0	449	0	865	629	94.458	68.6868	NA
127	0	953	0	866	628	94.5672	68.5776	NA
122	0	2684	0	867	627	94.6764	68.4684	NA
0	168	4217	0	867	626	94.6764	68.3592	NA
126	180	1476	0	868	625	94.7856	68.25	NA
126	0	463	0	869	624	94.8948	68.1408	NA
123	0	579	0	870	623	95.004	68.0316	NA
118	0	1092	423	871	622	95.1132	67.9224	NA
123	177	2827	1238	872	621	95.2224	67.8132	NA
138	350	7622	1403	873	620	95.3316	67.704	NA
150	707	7246	494	874	619	95.4408	67.5948	NA
155	797	1218	0	875	618	95.55	67.4856	NA
151	485	1081	0	875	617	95.55	67.3764	NA
133	297	538	0	875	616	95.55	67.2672	"join"
136	198	168	0	876	615	95.6592	67.158	NA
138	183	0	0	877	615	95.7684	67.158	NA
133	177	0	0	878	615	95.8776	67.158	NA
135	0	0	0	879	614	95.9868	67.0488	NA
135	0	0	0	880	614	96.096	67.0488	NA
142	0	0	0	881	614	96.2052	67.0488	NA
133	0	248	0	882	613	96.3144	66.9396	NA
129	0	404	0	883	613	96.4236	66.9396	NA
127	0	756	194	884	612	96.5328	66.8304	NA
122	0	848	0	885	612	96.642	66.8304	NA
125	0	767	0	886	612	96.7512	66.8304	NA
122	0	739	0	887	611	96.8604	66.7212	NA
129	0	346	0	888	611	96.9696	66.7212	NA
133	0	168	0	889	611	97.0788	66.7212	NA
123	0	0	311	890	610	97.188	66.612	NA
124	0	185	304	891	610	97.2972	66.612	NA
121	0	242	243	892	610	97.4064	66.612	NA
122	0	209	0	893	609	97.5156	66.5028	NA
129	160	156	0	894	609	97.6248	66.5028	NA
126	166	0	0	895	609	97.734	66.5028	NA
128	218	0	0	896	608	97.8432	66.3936	NA
124	374	289	210	897	608	97.9524	66.3936	NA
124	453	457	443	898	608	98.0616	66.3936	NA
123	210	785	267	899	607	98.1708	66.2844	NA
119	212	907	257	900	607	98.28	66.2844	NA
0	340	1280	0	901	606	98.3892	66.1752	NA
119	444	809	0	902	606	98.4984	66.1752	NA
123	599	1557	0	903	606	98.6076	66.1752	NA
125	724	2213	0	904	606	98.7168	66.1752	"join"
120	660	1430	298	905	606	98.826	66.1752	NA
118	306	546	578	906	606	98.9352	66.1752	NA
121	178	201	717	907	606	99.0444	66.1752	NA
123	0	250	544	908	606	99.1536	66.1752	NA
123	0	360	268	909	606	99.2628	66.1752	NA
125	0	444	0	910	606	99.372	66.1752	NA
126	0	1337	0	911	606	99.4812	66.1752	NA
120	0	3007	0	912	606	99.5904	66.1752	NA
118	0	2841	0	913	606	99.6996	66.1752	NA
126	0	1300	0	914	606	99.8088	66.1752	NA
123	0	618	209	915	606	99.918	66.1752	NA
128	0	450	0	916	607	100.0272	66.2844	NA
123	0	980	0	917	607	100.1364	66.2844	NA
120	155	1928	0	918	607	100.2456	66.2844	NA
0	159	5500	0	919	607	100.3548	66.2844	NA
123	162	10682	0	920	607	100.464	66.2844	NA
120	0	10333	0	921	607	100.5732	66.2844	NA
0	0	5101	0	922	607	100.6824	66.2844	NA
118	0	1239	0	923	607	100.7916	66.2844	NA
0	0	512	0	924	607	100.9008	66.2844	NA
0	0	193	0	925	607	101.01	66.2844	NA
0	0	0	0	926	607	101.1192	66.2844	NA
118	0	0	0	927	607	101.2284	66.2844	NA
120	250	0	0	928	607	101.3376	66.2844	NA
0	301	0	0	929	607	101.4468	66.2844	NA
0	539	181	0	930	607	101.556	66.2844	NA
119	925	375	0	931	607	101.6652	66.2844	NA
120	732	528	0	932	607	101.7744	66.2844	NA
121	315	465	0	933	607	101.8836	66.2844	NA
120	0	329	0	934	607	101.9928	66.2844	NA
119	0	214	0	935	607	102.102	66.2844	NA
0	0	332	0	936	607	102.2112	66.2844	NA
0	0	673	0	937	607	102.3204	66.2844	NA
127	0	974	0	938	607	102.4296	66.2844	NA
125	0	1435	0	939	607	102.5388	66.2844	NA
133	175	2824	0	940	608	102.648	66.3936	NA
126	223	5159	0	941	608	102.7572	66.3936	NA
137	223	8586	319	942	608	102.8664	66.3936	NA
128	243	18474	725	943	608	102.9756	66.3936	NA
134	235	24407	2075	944	608	103.0848	66.3936	NA
132	213	17921	5098	945	608	103.194	66.3936	NA
137	186	7754	9703	946	608	103.3032	66.3936	NA
124	159	3109	11967	947	608	103.4124	66.3936	NA
0	0	1552	9703	948	608	103.5216	66.3936	NA
125	0	722	4815	949	608	103.6308	66.3936	NA
131	0	334	1253	950	608	103.74	66.3936	NA
131	0	0	229	951	609	103.8492	66.5028	"join"
129	0	0	0	952	609	103.9584	66.5028	NA
121	0	248	0	953	610	104.0676	66.612	NA
118	0	345	0	954	610	104.1768	66.612	NA
125	0	901	226	955	611	104.286	66.7212	NA
122	0	683	323	956	611	104.3952	66.7212	NA
121	0	608	399	957	612	104.5044	66.8304	NA
125	0	233	250	958	612	104.6136	66.8304	NA
121	0	0	0	959	613	104.7228	66.9396	NA
125	0	0	0	960	613	104.832	66.9396	NA
127	0	441	0	961	614	104.9412	67.0488	NA
131	0	1368	0	962	615	105.0504	67.158	NA
123	0	1837	0	963	615	105.1596	67.158	NA
0	0	2862	0	964	616	105.2688	67.2672	NA
124	0	5084	0	965	616	105.378	67.2672	NA
134	0	2635	0	966	617	105.4872	67.3764	NA
139	0	1258	0	967	617	105.5964	67.3764	NA
135	0	933	0	968	618	105.7056	67.4856	NA
130	0	656	0	969	618	105.8148	67.4856	NA
128	0	655	0	970	619	105.924	67.5948	NA
123	0	387	0	971	619	106.0332	67.5948	NA
133	0	194	0	972	620	106.1424	67.704	NA
145	0	229	0	973	620	106.2516	67.704	NA
141	177	399	0	974	621	106.3608	67.8132	NA
135	313	1013	331	975	622	106.47	67.9224	NA
138	317	1364	0	976	622	106.5792	67.9224	NA
170	605	3827	0	977	623	106.6884	68.0316	NA
174	589	2026	0	978	623	106.7976	68.0316	NA
167	439	1664	0	979	624	106.9068	68.1408	NA
136	251	1665	0	980	624	107.016	68.1408	NA
129	309	2092	280	981	625	107.1252	68.25	NA
122	314	1225	0	982	625	107.2344	68.25	NA
128	636	675	0	983	626	107.3436	68.3592	NA
124	383	407	0	984	626	107.4528	68.3592	NA
125	218	327	0	985	627	107.562	68.4684	NA
127	0	366	0	986	627	107.6712	68.4684	NA
0	0	762	0	987	628	107.7804	68.5776	NA
119	156	1663	234	988	628	107.8896	68.5776	NA
128	0	2803	706	989	629	107.9988	68.6868	NA
NA	NA	NA	NA	NA	NA	NA	NA	NA
NA	NA	NA	NA	NA	NA	NA	NA	NA
NA	NA	NA	NA	NA	NA	NA	NA	NA
NA	NA	NA	NA	NA	NA	NA	NA	"gap"
NA	NA	NA	NA	NA	NA	NA	NA	NA
NA	NA	NA	NA	NA	NA	NA	NA	NA
NA	NA	NA	NA	NA	NA	NA	NA	NA
122	0	246	309	401	170	43.7892	18.564	NA
129	0	0	286	400	171	43.68	18.6732	NA
128	0	0	0	399	172	43.5708	18.7824	NA
119	0	0	0	398	173	43.4616	18.8916	NA
124	0	0	0	397	174	43.3524	19.0008	NA
129	0	0	0	396	175	43.2432	19.11	NA
120	0	0	280	395	176	43.134	19.2192	NA
121	0	0	296	395	177	43.134	19.3284	NA
0	0	171	346	394	178	43.0248	19.4376	NA
118	0	231	384	393	179	42.9156	19.5468	NA
122	0	379	229	392	180	42.8064	19.656	NA
0	0	640	0	391	181	42.6972	19.7652	NA
124	0	844	0	390	182	42.588	19.8744	NA
125	0	705	0	389	183	42.4788	19.9836	NA
122	0	952	0	388	184	42.3696	20.0928	NA
121	0	1082	0	387	185	42.2604	20.202	NA
124	0	1103	0	386	186	42.1512	20.3112	NA
120	0	1258	0	385	187	42.042	20.4204	NA
120	178	972	0	384	188	41.9328	20.5296	NA
118	178	866	0	384	189	41.9328	20.6388	NA
119	182	660	0	383	190	41.8236	20.748	NA
0	319	336	0	382	191	41.7144	20.8572	NA
123	827	357	368	381	192	41.6052	20.9664	NA
120	872	321	350	380	193	41.496	21.0756	NA
120	446	367	0	379	194	41.3868	21.1848	NA
123	325	712	0	378	195	41.2776	21.294	NA
122	289	880	0	377	196	41.1684	21.4032	NA
122	432	1128	250	376	197	41.0592	21.5124	NA
120	1199	1861	635	375	198	40.95	21.6216	NA
129	854	2482	563	374	199	40.8408	21.7308	NA
128	446	2261	280	373	200	40.7316	21.84	NA
137	348	1715	208	373	201	40.7316	21.9492	NA
118	236	1083	0	372	202	40.6224	22.0584	NA
120	0	709	0	371	203	40.5132	22.1676	NA
122	0	340	0	370	204	40.404	22.2768	NA
120	0	191	0	369	205	40.2948	22.386	NA
125	0	0	0	368	206	40.1856	22.4952	NA
120	0	0	0	367	207	40.0764	22.6044	NA
119	0	156	0	366	208	39.9672	22.7136	NA
119	0	318	0	365	209	39.858	22.8228	NA
124	0	351	0	364	210	39.7488	22.932	NA
127	0	271	0	363	211	39.6396	23.0412	NA
118	0	180	0	362	212	39.5304	23.1504	NA
123	0	252	0	362	213	39.5304	23.2596	NA
129	0	295	572	361	214	39.4212	23.3688	NA
131	0	421	750	360	215	39.312	23.478	NA
122	161	636	287	359	216	39.2028	23.5872	NA
130	181	731	0	358	217	39.0936	23.6964	NA
124	0	741	0	357	218	38.9844	23.8056	NA
121	0	801	0	356	219	38.8752	23.9148	NA
119	0	1637	0	355	220	38.766	24.024	NA
125	0	1306	0	354	221	38.6568	24.1332	NA
0	0	1017	0	353	222	38.5476	24.2424	NA
122	0	774	0	352	223	38.4384	24.3516	NA
118	0	506	0	351	224	38.3292	24.4608	NA
0	0	463	0	351	225	38.3292	24.57	NA
131	0	304	0	350	226	38.22	24.6792	NA
125	0	194	0	349	227	38.1108	24.7884	NA
121	0	171	0	348	228	38.0016	24.8976	NA
118	0	169	0	347	229	37.8924	25.0068	NA
119	0	184	0	346	230	37.7832	25.116	NA
128	0	167	222	345	231	37.674	25.2252	NA
0	0	166	233	344	232	37.5648	25.3344	NA
0	0	225	214	343	233	37.4556	25.4436	NA
0	0	190	404	342	234	37.3464	25.5528	NA
120	0	189	287	341	235	37.2372	25.662	NA
0	0	166	226	340	236	37.128	25.7712	NA
118	0	212	203	340	237	37.128	25.8804	NA
121	0	228	234	339	238	37.0188	25.9896	NA
118	168	284	688	338	239	36.9096	26.0988	NA
129	158	302	683	337	240	36.8004	26.208	NA
0	0	254	0	336	241	36.6912	26.3172	NA
119	0	272	0	335	242	36.582	26.4264	NA
124	0	322	0	334	243	36.4728	26.5356	NA
123	0	310	0	333	244	36.3636	26.6448	NA
119	0	318	0	332	245	36.2544	26.754	NA
122	0	395	0	331	246	36.1452	26.8632	NA
121	0	1115	0	330	247	36.036	26.9724	NA
0	0	766	0	329	248	35.9268	27.0816	NA
0	0	439	0	329	249	35.9268	27.1908	NA
118	0	376	0	328	250	35.8176	27.3	NA
123	0	355	0	327	251	35.7084	27.4092	NA
131	0	323	0	326	252	35.5992	27.5184	NA
124	0	297	0	325	253	35.49	27.6276	NA
123	0	350	0	324	254	35.3808	27.7368	NA
124	0	1407	550	323	255	35.2716	27.846	NA
124	157	2304	548	322	256	35.1624	27.9552	NA
125	169	1689	211	321	257	35.0532	28.0644	NA
131	0	1088	0	320	258	34.944	28.1736	NA
124	0	700	0	319	259	34.8348	28.2828	NA
122	0	558	0	318	260	34.7256	28.392	NA
122	0	623	0	318	261	34.7256	28.5012	NA
118	0	435	0	317	262	34.6164	28.6104	NA
125	0	340	0	316	263	34.5072	28.7196	NA
122	0	261	0	315	264	34.398	28.8288	NA
125	0	280	0	314	265	34.2888	28.938	NA
122	0	365	205	313	266	34.1796	29.0472	NA
126	0	450	193	312	267	34.0704	29.1564	NA
121	0	630	0	311	268	33.9612	29.2656	NA
123	0	957	0	310	269	33.852	29.3748	NA
119	0	1441	258	309	270	33.7428	29.484	NA
134	155	1483	364	308	271	33.6336	29.5932	NA
140	157	2253	558	307	272	33.5244	29.7024	NA
153	182	2490	1790	307	273	33.5244	29.8116	NA
136	195	5725	5023	306	274	33.4152	29.9208	NA
136	287	13632	5669	305	275	33.306	30.03	NA
134	467	17768	3575	304	276	33.1968	30.1392	NA
129	410	8943	1556	303	277	33.0876	30.2484	NA
127	249	2242	384	302	278	32.9784	30.3576	NA
119	170	2537	279	301	279	32.8692	30.4668	NA
123	164	1942	0	300	280	32.76	30.576	NA
120	0	1199	0	299	281	32.6508	30.6852	NA
119	0	5363	0	298	282	32.5416	30.7944	NA
0	0	3282	0	297	283	32.4324	30.9036	NA
122	0	3399	206	296	284	32.3232	31.0128	NA
123	181	4308	392	296	285	32.3232	31.122	NA
125	259	5564	1452	295	286	32.214	31.2312	NA
126	261	13555	1403	294	287	32.1048	31.3404	NA
128	173	5461	0	293	288	31.9956	31.4496	NA
120	0	2389	0	292	289	31.8864	31.5588	NA
120	0	1113	0	291	290	31.7772	31.668	NA
121	0	1811	0	290	291	31.668	31.7772	NA
121	0	2399	0	289	292	31.5588	31.8864	NA
126	0	810	0	288	293	31.4496	31.9956	NA
122	0	421	0	287	294	31.3404	32.1048	NA
121	0	402	0	286	295	31.2312	32.214	NA
124	0	448	0	285	296	31.122	32.3232	NA
124	0	638	0	285	297	31.122	32.4324	NA
125	0	4005	0	284	298	31.0128	32.5416	NA
119	0	5313	0	283	299	30.9036	32.6508	NA
119	0	2566	0	282	300	30.7944	32.76	NA
120	0	1385	0	281	301	30.6852	32.8692	NA
122	0	811	0	280	302	30.576	32.9784	NA
124	0	435	0	279	303	30.4668	33.0876	NA
121	0	352	0	278	304	30.3576	33.1968	NA
126	0	354	0	277	305	30.2484	33.306	NA
125	0	361	0	276	306	30.1392	33.4152	NA
128	0	379	0	275	307	30.03	33.5244	NA
0	0	503	0	274	308	29.9208	33.6336	NA
0	0	466	194	274	309	29.9208	33.7428	NA
124	0	645	0	273	310	29.8116	33.852	NA
120	0	926	0	272	311	29.7024	33.9612	NA
122	0	2075	0	271	312	29.5932	34.0704	NA
119	0	5538	291	270	313	29.484	34.1796	NA
133	0	6153	238	269	314	29.3748	34.2888	NA
122	0	1474	0	268	315	29.2656	34.398	NA
122	0	1032	0	267	316	29.1564	34.5072	NA
121	0	868	0	266	317	29.0472	34.6164	NA
129	0	641	0	265	318	28.938	34.7256	NA
123	0	506	0	264	319	28.8288	34.8348	NA
134	0	483	0	263	320	28.7196	34.944	NA
124	0	477	0	263	321	28.7196	35.0532	NA
127	0	387	0	262	322	28.6104	35.1624	NA
123	0	369	0	261	323	28.5012	35.2716	NA
120	0	363	0	260	324	28.392	35.3808	NA
129	0	336	0	259	325	28.2828	35.49	NA
122	0	339	0	258	326	28.1736	35.5992	NA
0	0	297	252	257	327	28.0644	35.7084	NA
123	0	175	857	256	328	27.9552	35.8176	NA
123	0	0	855	255	329	27.846	35.9268	NA
120	0	0	294	254	330	27.7368	36.036	NA
124	0	0	0	253	331	27.6276	36.1452	NA
127	0	0	0	252	332	27.5184	36.2544	NA
123	0	0	0	252	333	27.5184	36.3636	NA
121	0	0	0	251	334	27.4092	36.4728	NA
121	0	0	0	250	335	27.3	36.582	NA
124	0	155	0	249	336	27.1908	36.6912	NA
121	0	260	0	248	337	27.0816	36.8004	NA
121	0	796	0	247	338	26.9724	36.9096	NA
121	0	4541	0	246	339	26.8632	37.0188	NA
125	161	8803	0	245	340	26.754	37.128	NA
120	186	3850	0	244	341	26.6448	37.2372	NA
125	0	1652	0	243	342	26.5356	37.3464	NA
120	0	687	0	242	343	26.4264	37.4556	NA
121	0	447	0	241	344	26.3172	37.5648	NA
125	0	390	0	241	345	26.3172	37.674	NA
120	0	270	0	240	346	26.208	37.7832	NA
122	0	208	330	239	347	26.0988	37.8924	NA
122	0	237	361	238	348	25.9896	38.0016	NA
126	0	267	194	237	349	25.8804	38.1108	NA
124	0	307	0	236	350	25.7712	38.22	NA
125	0	403	0	235	351	25.662	38.3292	NA
123	0	520	0	234	352	25.5528	38.4384	NA
127	0	633	0	233	353	25.4436	38.5476	NA
126	0	609	0	232	354	25.3344	38.6568	NA
127	0	532	0	231	355	25.2252	38.766	NA
123	0	453	0	230	356	25.116	38.8752	NA
119	0	447	0	230	357	25.116	38.9844	NA
127	0	517	0	229	358	25.0068	39.0936	NA
125	176	812	0	228	359	24.8976	39.2028	NA
120	278	498	0	227	360	24.7884	39.312	NA
125	330	404	0	226	361	24.6792	39.4212	NA
124	216	524	225	225	362	24.57	39.5304	NA
124	170	661	336	224	363	24.4608	39.6396	NA
NA	NA	NA	NA	NA	NA	NA	NA	NA
NA	NA	NA	NA	NA	NA	NA	NA	NA
NA	NA	NA	NA	NA	NA	NA	NA	NA
NA	NA	NA	NA	NA	NA	NA	NA	"gap"
NA	NA	NA	NA	NA	NA	NA	NA	NA
NA	NA	NA	NA	NA	NA	NA	NA	NA
NA	NA	NA	NA	NA	NA	NA	NA	NA
0	0	185	0	48	322	5.2416	35.1624	NA
0	0	230	0	49	323	5.3508	35.2716	NA
120	0	245	0	49	324	5.3508	35.3808	NA
121	0	226	0	50	325	5.46	35.49	NA
122	0	260	0	51	326	5.5692	35.5992	NA
122	0	355	0	52	327	5.6784	35.7084	NA
139	0	358	0	52	328	5.6784	35.8176	NA
131	0	468	0	53	329	5.7876	35.9268	NA
130	0	863	0	54	330	5.8968	36.036	NA
119	0	720	0	55	331	6.006	36.1452	NA
123	0	626	0	55	332	6.006	36.2544	NA
0	0	350	0	56	333	6.1152	36.3636	NA
124	0	247	0	57	334	6.2244	36.4728	NA
125	0	234	0	58	335	6.3336	36.582	NA
123	0	253	0	58	336	6.3336	36.6912	NA
121	0	356	0	59	337	6.4428	36.8004	NA
122	0	382	0	60	338	6.552	36.9096	NA
0	0	383	0	61	339	6.6612	37.0188	NA
122	0	366	0	61	340	6.6612	37.128	NA
120	0	1249	0	62	341	6.7704	37.2372	NA
0	158	1472	0	63	342	6.8796	37.3464	NA
123	0	1237	0	64	343	6.9888	37.4556	NA
118	0	1226	0	64	344	6.9888	37.5648	NA
0	0	953	0	65	345	7.098	37.674	NA
120	0	625	0	66	346	7.2072	37.7832	NA
129	0	694	0	67	347	7.3164	37.8924	NA
129	0	796	0	67	348	7.3164	38.0016	NA
123	0	622	0	68	349	7.4256	38.1108	NA
0	0	499	0	69	350	7.5348	38.22	NA
119	0	475	0	70	351	7.644	38.3292	NA
121	0	674	0	70	352	7.644	38.4384	NA
121	0	590	0	71	353	7.7532	38.5476	NA
124	0	393	0	72	354	7.8624	38.6568	NA
0	0	268	218	73	355	7.9716	38.766	NA
0	0	268	533	73	356	7.9716	38.8752	NA
123	0	201	838	74	357	8.0808	38.9844	NA
119	0	187	332	75	358	8.19	39.0936	NA
123	0	165	0	76	359	8.2992	39.2028	NA
129	0	177	0	76	360	8.2992	39.312	NA
120	0	199	0	77	361	8.4084	39.4212	NA
122	0	312	0	78	362	8.5176	39.5304	NA
125	0	415	0	79	363	8.6268	39.6396	NA
118	0	565	0	79	364	8.6268	39.7488	NA
122	0	813	0	80	365	8.736	39.858	NA
124	0	1006	0	81	366	8.8452	39.9672	NA
128	0	794	0	82	367	8.9544	40.0764	NA
123	0	740	0	82	368	8.9544	40.1856	NA
122	0	600	0	83	369	9.0636	40.2948	NA
123	0	969	0	84	370	9.1728	40.404	NA
127	0	480	0	85	371	9.282	40.5132	NA
126	0	439	0	85	372	9.282	40.6224	NA
128	0	393	0	86	373	9.3912	40.7316	NA
119	0	363	0	87	374	9.5004	40.8408	NA
122	0	356	0	88	375	9.6096	40.95	NA
132	0	344	0	88	376	9.6096	41.0592	NA
123	0	376	0	89	377	9.7188	41.1684	NA
123	0	366	0	90	378	9.828	41.2776	NA
122	0	370	199	91	379	9.9372	41.3868	NA
120	0	359	198	91	380	9.9372	41.496	NA
131	0	246	698	92	381	10.0464	41.6052	NA
123	0	184	1189	93	382	10.1556	41.7144	NA
121	0	0	571	94	383	10.2648	41.8236	NA
125	0	0	216	94	384	10.2648	41.9328	NA
127	0	170	213	95	385	10.374	42.042	NA
125	0	201	0	96	386	10.4832	42.1512	NA
125	0	233	0	97	387	10.5924	42.2604	NA
121	0	264	0	97	388	10.5924	42.3696	NA
123	0	302	0	98	389	10.7016	42.4788	NA
124	0	937	0	99	390	10.8108	42.588	NA
125	0	755	0	100	391	10.92	42.6972	NA
122	0	519	308	100	392	10.92	42.8064	NA
121	0	483	279	101	393	11.0292	42.9156	NA
122	0	455	194	102	394	11.1384	43.0248	NA
126	0	771	0	103	395	11.2476	43.134	NA
125	0	977	0	103	396	11.2476	43.2432	NA
130	0	826	0	104	397	11.3568	43.3524	NA
120	0	682	0	105	398	11.466	43.4616	NA
127	0	276	0	106	399	11.5752	43.5708	NA
119	0	294	0	106	400	11.5752	43.68	NA
0	0	318	0	107	401	11.6844	43.7892	NA
125	0	232	0	108	402	11.7936	43.8984	NA
120	0	222	0	109	403	11.9028	44.0076	NA
119	156	255	395	109	404	11.9028	44.1168	NA
128	0	273	496	110	405	12.012	44.226	NA
126	0	312	498	111	406	12.1212	44.3352	NA
129	159	416	542	112	407	12.2304	44.4444	NA
122	156	372	479	112	408	12.2304	44.5536	NA
121	0	477	0	113	409	12.3396	44.6628	NA
125	0	763	0	114	410	12.4488	44.772	NA
129	0	749	0	115	411	12.558	44.8812	NA
120	0	695	0	115	412	12.558	44.9904	NA
118	0	2058	0	116	413	12.6672	45.0996	NA
130	0	737	0	117	414	12.7764	45.2088	NA
126	0	542	0	118	415	12.8856	45.318	NA
122	0	701	0	118	416	12.8856	45.4272	NA
131	0	647	0	119	417	12.9948	45.5364	NA
124	0	965	0	120	418	13.104	45.6456	NA
127	0	881	0	121	419	13.2132	45.7548	NA
135	0	947	0	121	420	13.2132	45.864	NA
121	0	1246	0	122	421	13.3224	45.9732	NA
124	0	1245	0	123	422	13.4316	46.0824	NA
121	0	1698	0	124	423	13.5408	46.1916	NA
124	0	1925	0	124	424	13.5408	46.3008	NA
120	0	2223	0	125	425	13.65	46.41	NA
125	0	3470	0	126	426	13.7592	46.5192	NA
125	174	2595	0	127	427	13.8684	46.6284	NA
122	201	1103	0	127	428	13.8684	46.7376	NA
129	198	384	0	128	429	13.9776	46.8468	NA
123	158	309	202	129	430	14.0868	46.956	NA
126	0	265	215	130	431	14.196	47.0652	NA
121	0	281	0	130	432	14.196	47.1744	NA
122	0	307	0	131	433	14.3052	47.2836	NA
120	0	242	0	132	434	14.4144	47.3928	NA
123	0	337	226	133	435	14.5236	47.502	NA
119	0	399	384	133	436	14.5236	47.6112	NA
118	0	522	300	134	437	14.6328	47.7204	NA
128	0	598	0	135	438	14.742	47.8296	NA
130	0	919	0	136	439	14.8512	47.9388	NA
125	0	1289	0	136	440	14.8512	48.048	NA
127	0	1708	0	137	441	14.9604	48.1572	NA
127	0	504	588	138	442	15.0696	48.2664	NA
128	0	349	1084	139	443	15.1788	48.3756	NA
132	0	280	681	139	444	15.1788	48.4848	NA
131	0	231	205	140	445	15.288	48.594	NA
124	0	273	0	141	446	15.3972	48.7032	NA
127	0	344	0	142	447	15.5064	48.8124	NA
123	0	516	0	142	448	15.5064	48.9216	NA
132	0	760	0	143	449	15.6156	49.0308	NA
128	0	915	0	144	450	15.7248	49.14	NA
127	0	863	0	145	451	15.834	49.2492	NA
129	179	871	0	145	452	15.834	49.3584	NA
127	187	962	0	146	453	15.9432	49.4676	NA
118	168	1199	0	147	454	16.0524	49.5768	NA
118	0	1012	0	148	455	16.1616	49.686	NA
121	0	2845	212	148	456	16.1616	49.7952	NA
126	0	2345	441	149	457	16.2708	49.9044	NA
122	0	695	277	150	458	16.38	50.0136	NA
130	0	405	0	151	459	16.4892	50.1228	NA
128	0	359	0	151	460	16.4892	50.232	NA
127	0	260	223	152	461	16.5984	50.3412	NA
130	160	272	260	153	462	16.7076	50.4504	NA
124	213	278	0	154	463	16.8168	50.5596	NA
127	161	353	0	154	464	16.8168	50.6688	NA
129	0	351	0	155	465	16.926	50.778	NA
122	0	363	0	156	466	17.0352	50.8872	NA
126	0	270	0	157	467	17.1444	50.9964	NA
140	171	289	0	157	468	17.1444	51.1056	NA
131	157	319	0	158	469	17.2536	51.2148	NA
121	0	272	0	159	470	17.3628	51.324	NA
0	0	312	0	160	471	17.472	51.4332	NA
119	0	634	0	160	472	17.472	51.5424	NA
124	0	375	0	161	473	17.5812	51.6516	NA
118	0	401	0	162	474	17.6904	51.7608	NA
120	0	385	0	163	475	17.7996	51.87	NA
122	0	339	0	163	476	17.7996	51.9792	NA
126	0	356	0	164	477	17.9088	52.0884	NA
122	178	527	0	165	478	18.018	52.1976	NA
132	191	1205	230	166	479	18.1272	52.3068	NA
125	178	972	206	166	480	18.1272	52.416	NA
118	160	1134	0	167	481	18.2364	52.5252	NA
0	0	696	0	168	482	18.3456	52.6344	NA
120	0	372	0	169	483	18.4548	52.7436	NA
129	0	705	0	169	484	18.4548	52.8528	NA
127	0	869	0	170	485	18.564	52.962	NA
128	0	405	0	171	486	18.6732	53.0712	NA
130	0	351	0	172	487	18.7824	53.1804	NA
133	0	340	0	172	488	18.7824	53.2896	NA
127	0	328	0	173	489	18.8916	53.3988	NA
124	0	271	0	174	490	19.0008	53.508	NA
0	0	336	0	175	491	19.11	53.6172	NA
119	0	422	0	175	492	19.11	53.7264	NA
130	0	659	0	176	493	19.2192	53.8356	NA
119	0	366	0	177	494	19.3284	53.9448	NA
130	0	325	0	178	495	19.4376	54.054	NA
120	0	292	0	178	496	19.4376	54.1632	NA
120	0	228	0	179	497	19.5468	54.2724	NA
